10,1,209.65,617.44,126.62999999999997,105.2399999999999,1,1,1.0
10,2,325.51,590.44,113.40000000000003,105.69999999999993,1,1,1.0
11,1,212.7,617.44,128.3,107.25999999999999,1,1,1.0
11,2,327.5,591.6,116.19999999999999,107.19999999999993,1,1,1.0
12,1,214.4,617.44,128.99999999999997,108.65999999999997,1,1,1.0
12,2,329.5,591.2,117.39999999999998,108.79999999999995,1,1,1.0
13,1,216.4,617.44,132.20000000000002,112.65999999999997,1,1,1.0
13,2,329.5,590.8,120.19999999999999,110.40000000000009,1,1,1.0
14,1,221.6,620.6,132.6,114.29999999999995,1,1,1.0
14,2,329.5,590.8,126.5,114.0,1,1,1.0
15,1,223.2,623.0,135.0,115.5,1,1,1.0
15,2,338.6,593.18,120.57,114.0,1,1,1.0
16,1,226.8,623.0,132.2,119.5,1,1,1.0
16,2,340.58,591.2,122.52000000000004,116.39999999999998,1,1,1.0
17,1,226.8,623.0,135.8,121.10000000000002,1,1,1.0
17,2,344.5,591.2,120.19999999999999,118.39999999999998,1,1,1.0
18,1,231.2,623.0,138.10000000000002,127.39999999999998,1,1,1.0
18,2,349.3,594.4,113.39999999999998,118.39999999999998,1,1,1.0
19,1,234.4,623.0,138.1,134.10000000000002,1,1,1.0
19,2,349.3,595.4,126.5,118.89999999999998,1,1,1.0
20,1,234.4,623.0,135.6,134.10000000000002,1,1,1.0
20,2,353.34,592.42,120.96000000000004,124.88,1,1,1.0
21,1,234.4,623.75,135.85,137.89999999999998,1,1,1.0
21,2,353.34,592.42,123.46000000000004,124.88,1,1,1.0
22,1,234.4,624.5,136.1,141.70000000000005,1,1,1.0
22,2,353.34,592.42,131.56,129.38,1,1,1.0
23,1,234.4,624.5,138.6,141.70000000000005,1,1,1.0
23,2,353.34,592.42,137.66000000000003,129.38,1,1,1.0
24,1,241.97,626.01,136.63000000000002,141.70000000000005,1,1,1.0
24,2,365.5,592.9,125.39999999999998,130.0,1,1,1.0
25,1,241.97,626.01,136.63000000000002,146.39,1,1,1.0
25,2,368.9,590.6,121.20000000000005,132.29999999999995,1,1,1.0
26,1,245.6,629.2,137.70000000000002,143.19999999999993,1,1,1.0
26,2,372.9,592.3,120.90000000000003,134.80000000000007,1,1,1.0
27,1,245.6,629.2,137.70000000000002,146.39999999999998,1,1,1.0
27,2,375.3,592.3,122.5,134.80000000000007,1,1,1.0
28,1,245.6,629.2,137.70000000000002,149.19999999999993,1,1,1.0
28,2,375.3,590.6,129.09999999999997,138.19999999999993,1,1,1.0
29,1,245.6,629.2,137.70000000000002,152.0,1,1,1.0
29,2,377.25,590.6,129.35000000000002,139.0,1,1,1.0
30,1,247.0,629.2,136.3,158.0999999999999,1,1,1.0
30,2,381.4,590.6,129.90000000000003,143.10000000000002,1,1,1.0
31,1,246.77,628.07,136.53,161.02999999999997,1,1,1.0
31,2,381.4,590.6,135.80000000000007,143.10000000000002,1,1,1.0
32,1,246.53,626.93,136.77,163.97000000000003,1,1,1.0
32,2,381.4,590.6,140.5,148.5,1,1,1.0
33,1,246.3,625.8,137.0,166.9000000000001,1,1,1.0
33,2,381.4,590.6,145.89999999999998,148.5,1,1,1.0
34,1,246.3,625.8,137.0,171.60000000000002,1,1,1.0
34,2,381.4,590.6,152.0,151.19999999999993,1,1,1.0
35,1,246.3,627.2,137.0,170.19999999999993,1,1,1.0
35,2,381.4,592.63,152.0,155.90999999999997,1,1,1.0
36,1,241.6,627.2,141.70000000000002,174.29999999999995,1,1,1.0
36,2,385.8,592.63,147.59999999999997,155.90999999999997,1,1,1.0
37,1,240.2,627.2,130.2,174.29999999999995,1,1,1.0
37,2,390.2,592.63,143.2,155.90999999999997,1,1,1.0
38,1,240.2,625.85,130.2,175.29999999999995,1,1,1.0
38,2,393.25,593.65,143.20000000000005,155.89999999999998,1,1,1.0
39,1,240.2,624.5,130.2,176.29999999999995,1,1,1.0
39,2,396.3,594.67,143.2,155.9000000000001,1,1,1.0
40,1,236.13,618.4,130.2,184.39999999999998,1,1,1.0
40,2,396.3,594.67,143.2,157.93000000000006,1,1,1.0
41,1,223.92,618.4,134.28,191.89999999999998,1,1,1.0
41,2,396.3,594.67,143.2,159.2800000000001,1,1,1.0
42,1,223.24,616.36,134.27999999999997,191.90999999999997,1,1,1.0
42,2,396.3,594.67,143.2,160.63,1,1,1.0
43,1,222.57,614.33,134.26999999999998,191.89999999999998,1,1,1.0
43,2,396.3,589.92,143.2,168.08000000000004,1,1,1.0
44,1,221.89,608.22,134.28000000000003,191.90999999999997,1,1,1.0
44,2,394.95,583.82,144.55,168.07999999999993,1,1,1.0
45,1,219.85,600.08,134.28,193.91999999999996,1,1,1.0
45,2,397.66,580.42,144.55,168.08000000000004,1,1,1.0
46,1,219.85,597.4,134.28,196.60000000000002,1,1,1.0
46,2,399.02,575.68,144.55000000000007,171.42000000000007,1,1,1.0
47,1,217.8,591.3,118.69999999999999,196.60000000000002,1,1,1.0
47,2,404.4,568.22,137.13,176.88,1,1,1.0
48,1,211.7,583.16,122.09000000000003,202.04000000000008,1,1,1.0
48,2,402.37,564.82,137.13,172.77999999999997,1,1,1.0
49,1,211.02,576.37,122.09,202.04999999999995,1,1,1.0
49,2,403.72,556.01,135.77999999999997,172.76999999999998,1,1,1.0
50,1,202.9,567.56,125.46000000000001,202.04000000000008,1,1,1.0
50,2,405.1,549.22,131.69999999999993,178.17999999999995,1,1,1.0
51,1,199.5,562.13,129.54000000000002,202.03999999999996,1,1,1.0
51,2,402.81,544.64,133.98999999999995,178.18000000000006,1,1,1.0
52,1,189.6,554.5,134.1,202.03999999999996,1,1,1.0
52,2,401.28,536.25,133.99,178.17999999999995,1,1,1.0
53,1,186.55,544.58,134.08999999999997,202.03999999999996,1,1,1.0
53,2,400.52,530.15,133.99,178.17000000000007,1,1,1.0
54,1,179.68,535.42,134.09999999999997,202.04000000000008,1,1,1.0
54,2,396.71,521.75,136.29000000000002,178.17999999999995,1,1,1.0
55,1,161.7,530.4,152.07999999999998,207.06000000000006,1,1,1.0
55,2,399.7,517.25,134.8,178.17999999999995,1,1,1.0
56,1,161.7,522.0,148.8,207.07000000000005,1,1,1.0
56,2,395.18,508.85,134.8,178.17999999999995,1,1,1.0
57,1,153.3,511.02,154.62,207.08000000000004,1,1,1.0
57,2,399.7,499.81,132.85999999999996,178.17000000000002,1,1,1.0
58,1,150.07,501.3,157.88,215.55,1,1,1.0
58,2,397.12,489.47,132.86,178.17999999999995,1,1,1.0
59,1,146.9,494.2,155.9,215.55,1,1,1.0
59,2,401.6,481.07,131.60000000000002,184.03000000000003,1,1,1.0
60,1,146.3,482.57,161.67000000000002,215.55,1,1,1.0
60,2,405.45,472.03,125.84999999999997,181.47000000000003,1,1,1.0
61,1,145.0,472.23,166.2,215.54999999999995,1,1,1.0
61,2,411.3,464.92,122.57999999999998,181.46999999999997,1,1,1.0
62,1,148.2,460.61,161.10000000000002,214.89,1,1,1.0
62,2,414.5,450.71,122.61000000000001,181.46999999999997,1,1,1.0
63,1,147.55,450.92,161.09999999999997,214.88999999999993,1,1,1.0
63,2,419.02,441.02,122.62,181.47000000000003,1,1,1.0
64,1,144.3,438.0,165.0,214.89,1,1,1.0
64,2,421.6,428.75,121.95999999999992,180.14999999999998,1,1,1.0
65,1,142.36,427.66,165.0,214.88999999999993,1,1,1.0
65,2,422.9,415.2,122.60000000000002,182.7,1,1,1.0
66,1,138.5,417.32,170.14999999999998,214.90000000000003,1,1,1.0
66,2,422.3,404.22,132.2,182.69999999999993,1,1,1.0
67,1,139.9,408.98,175.70000000000002,216.31999999999994,1,1,1.0
67,2,427.86,392.4,132.24,180.60000000000002,1,1,1.0
68,1,145.46,398.56,174.34,210.04000000000002,1,1,1.0
68,2,434.1,381.29,132.89999999999998,175.00999999999993,1,1,1.0
69,1,146.85,391.61,173.65,206.59000000000003,1,1,1.0
69,2,443.1,368.78,128.10000000000002,175.01,1,1,1.0
70,1,153.1,379.1,175.70000000000002,208.0,1,1,1.0
70,2,447.3,356.96,132.2,175.02000000000004,1,1,1.0
71,1,153.1,371.6,179.87000000000003,208.0,1,1,1.0
71,2,453.14,346.12,132.20000000000005,175.01999999999998,1,1,1.0
72,1,158.94,359.09,179.87,213.01000000000005,1,1,1.0
72,2,463.14,332.78,132.20000000000005,175.02000000000004,1,1,1.0
73,1,158.9,349.08,192.41,221.32,1,1,1.0
73,2,468.2,323.61,136.32,178.39,1,1,1.0
74,1,165.53,334.07,189.11999999999998,221.32,1,1,1.0
74,2,480.7,311.93,133.82,178.39999999999998,1,1,1.0
75,1,166.7,332.85,193.40000000000003,218.85000000000002,1,1,1.0
75,2,483.7,303.59,135.7,169.21000000000004,1,1,1.0
76,1,166.7,323.83,194.0,218.84999999999997,1,1,1.0
76,2,485.5,294.4,136.29999999999995,167.27000000000004,1,1,1.0
77,1,168.4,312.15,196.02,218.85000000000002,1,1,1.0
77,2,491.03,283.34,136.30000000000007,167.26000000000005,1,1,1.0
78,1,169.35,306.44,196.03,218.84999999999997,1,1,1.0
78,2,494.84,273.83,136.3,167.26,1,1,1.0
79,1,168.4,296.93,201.73,218.84999999999997,1,1,1.0
79,2,498.64,262.41,139.56000000000006,167.26,1,1,1.0
80,1,168.4,293.66,201.73,218.83999999999997,1,1,1.0
80,2,503.32,254.92,139.56,161.68000000000004,1,1,1.0
81,1,166.91,286.69,201.73,218.85000000000002,1,1,1.0
81,2,504.04,245.61,139.55,161.68,1,1,1.0
82,1,157.7,280.67,215.7,218.84999999999997,1,1,1.0
82,2,502.6,237.84,144.19999999999993,161.67,1,1,1.0
83,1,156.65,274.37,215.70000000000002,218.83999999999997,1,1,1.0
83,2,505.75,232.58,144.20000000000005,161.67999999999998,1,1,1.0
84,1,157.7,264.91,215.7,218.84999999999997,1,1,1.0
84,2,506.8,223.13,144.2,161.67000000000002,1,1,1.0
85,1,155.6,261.76,215.70000000000002,218.84000000000003,1,1,1.0
85,2,508.9,213.67,144.20000000000005,161.68000000000004,1,1,1.0
86,1,151.39,256.51,215.7,218.84000000000003,1,1,1.0
86,2,511.0,208.42,144.20000000000005,161.68000000000004,1,1,1.0
87,1,146.14,252.3,225.16000000000003,218.84999999999997,1,1,1.0
87,2,514.15,201.07,144.21000000000004,161.67000000000002,1,1,1.0
88,1,145.1,252.3,226.20000000000002,218.84999999999997,1,1,1.0
88,2,515.2,190.56,144.20999999999992,161.67000000000002,1,1,1.0
89,1,137.75,242.85,230.35000000000002,233.54999999999998,1,1,1.0
89,2,516.25,186.36,144.21000000000004,161.66999999999996,1,1,1.0
90,1,130.39,234.44,237.71000000000004,233.55,1,1,1.0
90,2,515.2,183.21,144.20999999999992,161.67,1,1,1.0
91,1,126.2,235.5,236.65000000000003,222.0,1,1,1.0
91,2,513.1,177.95,144.20999999999992,161.68,1,1,1.0
92,1,114.64,236.5,242.96000000000004,217.85000000000002,1,1,1.0
92,2,512.05,170.6,146.35000000000002,161.67,1,1,1.0
93,1,110.44,232.3,242.95999999999998,217.84999999999997,1,1,1.0
93,2,511.0,167.45,146.35000000000002,161.67000000000002,1,1,1.0
94,1,104.14,232.3,242.95,217.84999999999997,1,1,1.0
94,2,511.0,162.19,146.35000000000002,161.68,1,1,1.0
95,1,96.78,225.99,242.96,217.84999999999997,1,1,1.0
95,2,511.0,156.94,146.35000000000002,161.68,1,1,1.0
96,1,90.5,225.99,255.5,217.84999999999997,1,1,1.0
96,2,508.9,152.7,146.35000000000002,156.46000000000004,1,1,1.0
97,1,83.15,225.99,255.49999999999997,217.84999999999997,1,1,1.0
97,2,506.8,146.4,146.34999999999997,153.30999999999997,1,1,1.0
98,1,73.69,225.99,259.71,217.84999999999997,1,1,1.0
98,2,503.65,142.2,146.34000000000003,153.3,1,1,1.0
99,1,70.5,225.99,262.9,217.84999999999997,1,1,1.0
99,2,499.4,142.2,150.59000000000003,153.3,1,1,1.0
100,1,54.74,218.64,272.36,217.85000000000002,1,1,1.0
100,2,496.25,138.0,150.59000000000003,153.3,1,1,1.0
101,1,48.44,218.64,272.36,217.85000000000002,1,1,1.0
101,2,492.05,134.8,150.58999999999997,146.0,1,1,1.0
102,1,42.13,218.64,272.36,217.85000000000002,1,1,1.0
102,2,494.15,130.6,150.59000000000003,145.98999999999998,1,1,1.0
103,1,34.78,222.32,275.52,217.85000000000002,1,1,1.0
103,2,487.84,124.29,150.60000000000008,146.0,1,1,1.0
104,1,27.42,225.99,278.68,217.84999999999997,1,1,1.0
104,2,486.8,124.29,151.59999999999997,135.51,1,1,1.0
105,1,20.07,227.57,281.83,217.85000000000002,1,1,1.0
105,2,484.7,122.19,151.59999999999997,135.51,1,1,1.0
106,1,12.72,229.15,284.97999999999996,217.84,1,1,1.0
106,2,481.55,120.09,151.59999999999997,135.51,1,1,1.0
107,1,8.51,228.1,284.99,217.84,1,1,1.0
107,2,479.4,119.04,146.39999999999998,135.51,1,1,1.0
108,1,4.31,227.04,284.99,217.85,1,1,1.0
108,2,477.3,117.99,146.40000000000003,135.51,1,1,1.0
109,1,2.74,227.57,284.98,217.85000000000002,1,1,1.0
109,2,475.2,116.94,146.40000000000003,135.5,1,1,1.0
110,1,1.16,228.1,284.97999999999996,217.84,1,1,1.0
110,2,468.9,112.74,146.39999999999998,135.5,1,1,1.0
111,1,1.16,235.5,284.97999999999996,210.44,1,1,1.0
111,2,467.84,114.84,146.40000000000003,135.5,1,1,1.0
112,1,1.16,239.7,284.97999999999996,207.82,1,1,1.0
112,2,462.6,113.79,149.53999999999996,135.5,1,1,1.0
113,1,1.16,243.9,284.97999999999996,205.20000000000002,1,1,1.0
113,2,454.2,113.79,157.94,135.5,1,1,1.0
114,1,1.16,248.1,284.97999999999996,201.00000000000003,1,1,1.0
114,2,448.95,113.79,157.94,135.5,1,1,1.0
115,1,1.16,251.3,284.97999999999996,197.8,1,1,1.0
115,2,447.2,113.79,157.94,135.5,1,1,1.0
116,1,0.87,253.33,283.17,203.99999999999997,1,1,1.0
116,2,445.45,113.79,157.94,135.5,1,1,1.0
117,1,0.58,255.35,281.36,210.20000000000002,1,1,1.0
117,2,443.69,113.79,157.95,135.5,1,1,1.0
118,1,0.29,257.38,279.54999999999995,216.39999999999998,1,1,1.0
118,2,443.69,114.05,157.95,135.24,1,1,1.0
119,1,0.0,259.4,277.74,222.60000000000002,1,1,1.0
119,2,443.69,114.32,157.95,134.97,1,1,1.0
120,1,0.0,261.43,276.78,222.02999999999997,1,1,1.0
120,2,443.69,114.58,157.95,134.70999999999998,1,1,1.0
121,1,0.0,263.46,275.81,221.45000000000005,1,1,1.0
121,2,443.69,114.84,157.95,134.45,1,1,1.0
122,1,0.0,264.27,275.84,223.94,1,1,1.0
122,2,443.69,115.11,157.95,134.18,1,1,1.0
123,1,0.0,265.09,275.88,226.41000000000003,1,1,1.0
123,2,443.69,115.37,157.95,133.92,1,1,1.0
124,1,0.0,265.9,275.91,228.90000000000003,1,1,1.0
124,2,443.69,115.64,157.95,133.64999999999998,1,1,1.0
125,1,0.0,267.99,277.86,228.18,1,1,1.0
125,2,443.69,115.9,157.95,133.39,1,1,1.0
126,1,0.0,270.08,279.81,236.52000000000004,1,1,1.0
126,2,443.09,115.3,157.95,133.39,1,1,1.0
127,1,0.0,272.17,281.76,235.64,1,1,1.0
127,2,442.49,114.7,157.95000000000005,133.39,1,1,1.0
128,1,0.0,274.26,283.71,234.76,1,1,1.0
128,2,441.89,114.1,157.95000000000005,133.39000000000001,1,1,1.0
129,1,0.0,276.35,285.65,246.64999999999998,1,1,1.0
129,2,441.29,113.5,157.95,133.39,1,1,1.0
130,1,0.0,278.44,287.6,245.54000000000002,1,1,1.0
130,2,440.69,112.9,157.95,133.39,1,1,1.0
131,1,0.0,280.53,289.55,258.97,1,1,1.0
131,2,440.09,112.3,157.95,133.39,1,1,1.0
132,1,0.0,282.62,291.5,257.58000000000004,1,1,1.0
132,2,439.49,111.7,157.93999999999994,133.39,1,1,1.0
133,1,0.0,284.71,293.45,256.19,1,1,1.0
133,2,435.29,111.7,157.94,133.39,1,1,1.0
134,1,0.0,286.8,295.4,254.81,1,1,1.0
134,2,433.19,110.12,157.94,133.39,1,1,1.0
135,1,0.0,288.89,297.35,253.41999999999996,1,1,1.0
135,2,431.09,108.55,157.94,133.39,1,1,1.0
136,1,0.0,290.98,299.29,252.02999999999997,1,1,1.0
136,2,431.09,95.94,157.94,139.66,1,1,1.0
137,1,0.0,293.07,301.24,250.64000000000004,1,1,1.0
137,2,431.09,95.41,157.94,139.66,1,1,1.0
138,1,0.0,291.5,303.19,252.91999999999996,1,1,1.0
138,2,431.09,94.89,157.94,139.66000000000003,1,1,1.0
139,1,0.0,286.3,305.14,260.59999999999997,1,1,1.0
139,2,428.46,93.84,157.94,139.66,1,1,1.0
140,1,0.0,288.63,307.09,258.92999999999995,1,1,1.0
140,2,425.83,92.79,157.95,139.65999999999997,1,1,1.0
141,1,0.0,290.97,309.03,257.26,1,1,1.0
141,2,425.83,87.53,157.95,139.66,1,1,1.0
142,1,3.86,280.5,307.12,268.39,1,1,1.0
142,2,425.83,82.28,157.95,139.66,1,1,1.0
143,1,0.0,283.14,312.93,266.40999999999997,1,1,1.0
143,2,425.83,79.65,157.95,139.67,1,1,1.0
144,1,0.0,285.78,314.88,264.43000000000006,1,1,1.0
144,2,425.83,77.03,157.95,139.66,1,1,1.0
145,1,4.15,282.9,312.68,267.98,1,1,1.0
145,2,423.73,75.45,157.94999999999993,139.66000000000003,1,1,1.0
146,1,0.0,285.68,318.78,265.85999999999996,1,1,1.0
146,2,421.63,73.88,157.94000000000005,139.66,1,1,1.0
147,1,4.37,273.9,299.93,278.30000000000007,1,1,1.0
147,2,423.73,71.77,157.93999999999994,139.66000000000003,1,1,1.0
148,1,2.18,269.8,304.51,283.07,1,1,1.0
148,2,427.93,66.52,157.95,139.66000000000003,1,1,1.0
149,1,0.0,265.7,309.08,287.83,1,1,1.0
149,2,427.93,63.37,157.95,139.66,1,1,1.0
150,1,4.74,267.5,306.74,286.69000000000005,1,1,1.0
150,2,427.93,60.22,157.95,139.66,1,1,1.0
151,1,7.66,260.2,304.39,289.18,1,1,1.0
151,2,427.93,58.39,157.95,141.49,1,1,1.0
152,1,12.45,256.9,302.04,293.31000000000006,1,1,1.0
152,2,427.93,56.56,157.95,143.32,1,1,1.0
153,1,15.4,246.51,301.54,289.94000000000005,1,1,1.0
153,2,427.93,54.73,157.95,145.15,1,1,1.0
154,1,14.8,231.13,313.71,301.16999999999996,1,1,1.0
154,2,427.93,52.9,157.95,146.98,1,1,1.0
155,1,18.01,225.53,310.82,297.31000000000006,1,1,1.0
155,2,427.93,55.28,157.95,144.6,1,1,1.0
156,1,21.23,219.93,307.91999999999996,293.45,1,1,1.0
156,2,427.93,57.65,157.95,142.23,1,1,1.0
157,1,28.22,218.75,305.02,289.6,1,1,1.0
157,2,427.93,60.03,157.95,139.85,1,1,1.0
158,1,33.32,219.67,302.13,285.74,1,1,1.0
158,2,427.93,62.4,157.95,137.48,1,1,1.0
159,1,40.24,213.51,299.24,281.88,1,1,1.0
159,2,429.52,63.45,161.62,144.31,1,1,1.0
160,1,41.62,211.51,296.35,278.02,1,1,1.0
160,2,431.1,64.5,165.29999999999995,151.14,1,1,1.0
161,1,46.8,200.76,298.9,274.17,1,1,1.0
161,2,431.1,68.7,165.29999999999995,146.94,1,1,1.0
162,1,51.98,202.36,295.77,270.31,1,1,1.0
162,2,431.1,75.0,170.60000000000002,150.1,1,1,1.0
163,1,57.15,203.96,292.65000000000003,266.45000000000005,1,1,1.0
163,2,430.05,81.3,170.59999999999997,150.10000000000002,1,1,1.0
164,1,62.33,205.56,289.52000000000004,262.59,1,1,1.0
164,2,435.3,86.56,170.59999999999997,152.14,1,1,1.0
165,1,60.2,207.55,295.52000000000004,258.74,1,1,1.0
165,2,431.1,90.8,175.89999999999998,154.2,1,1,1.0
166,1,68.5,209.02,291.91,254.86999999999998,1,1,1.0
166,2,431.1,96.05,175.89999999999998,154.2,1,1,1.0
167,1,76.8,210.49,288.28999999999996,251.01,1,1,1.0
167,2,434.25,105.51,175.89999999999998,154.2,1,1,1.0
168,1,76.57,221.12,284.68,247.15999999999997,1,1,1.0
168,2,434.25,116.01,175.89999999999998,154.2,1,1,1.0
169,1,89.45,220.82,281.07,243.3,1,1,1.0
169,2,436.35,127.57,175.89999999999998,154.2,1,1,1.0
170,1,96.37,229.45,277.46,235.81,1,1,1.0
170,2,439.5,140.18,175.89999999999998,154.2,1,1,1.0
171,1,103.29,238.08,273.84999999999997,228.31999999999996,1,1,1.0
171,2,438.45,152.79,175.90000000000003,154.20000000000002,1,1,1.0
172,1,109.01,246.22,270.25,225.02,1,1,1.0
172,2,439.5,162.24,175.89999999999998,154.2,1,1,1.0
173,1,114.74,254.36,266.63,221.71999999999997,1,1,1.0
173,2,440.55,176.95,175.90000000000003,154.2,1,1,1.0
174,1,114.82,263.18,268.52,222.05,1,1,1.0
174,2,442.65,191.66,175.89999999999998,154.20000000000002,1,1,1.0
175,1,114.9,272.0,270.4,222.38,1,1,1.0
175,2,443.71,205.32,175.90000000000003,154.2,1,1,1.0
176,1,119.66,275.25,265.56000000000006,222.81,1,1,1.0
176,2,443.71,221.08,175.90000000000003,154.19999999999996,1,1,1.0
177,1,124.41,278.5,260.74,223.24,1,1,1.0
177,2,441.6,239.99,175.89999999999998,154.2,1,1,1.0
178,1,130.34,294.61,255.9,217.84000000000003,1,1,1.0
178,2,444.76,250.49,168.59000000000003,155.20999999999998,1,1,1.0
179,1,136.26,310.73,251.07999999999998,212.42999999999995,1,1,1.0
179,2,444.76,264.15,168.59000000000003,155.21000000000004,1,1,1.0
180,1,142.19,326.84,246.24,207.03000000000003,1,1,1.0
180,2,447.91,274.7,163.29000000000002,151.0,1,1,1.0
181,1,148.12,342.96,241.40999999999997,201.63000000000005,1,1,1.0
181,2,447.91,274.7,167.48999999999995,151.0,1,1,1.0
182,1,154.05,359.07,236.57,196.22999999999996,1,1,1.0
182,2,447.91,287.3,167.48999999999995,138.39999999999998,1,1,1.0
183,1,159.97,375.19,231.75000000000003,190.82,1,1,1.0
183,2,447.91,296.7,172.79000000000002,141.60000000000002,1,1,1.0
184,1,165.9,391.3,226.91,185.42000000000002,1,1,1.0
184,2,452.92,301.71,172.79000000000002,141.60000000000002,1,1,1.0
185,1,163.22,400.2,227.16,194.85999999999996,1,1,1.0
185,2,457.93,306.72,172.79000000000002,141.59999999999997,1,1,1.0
186,1,160.55,412.63,227.39,196.90999999999997,1,1,1.0
186,2,459.18,312.98,172.79000000000002,141.59999999999997,1,1,1.0
187,1,161.52,417.61,227.62999999999997,211.68999999999994,1,1,1.0
187,2,462.31,321.75,172.79000000000002,141.60000000000002,1,1,1.0
188,1,158.78,433.5,242.42,208.10000000000002,1,1,1.0
188,2,467.95,328.64,172.79000000000002,141.60000000000002,1,1,1.0
189,1,165.2,441.9,233.25,204.5,1,1,1.0
189,2,469.83,338.03,172.79000000000002,141.60000000000002,1,1,1.0
190,1,162.3,444.71,233.39999999999998,221.08999999999997,1,1,1.0
190,2,472.33,346.8,172.79000000000002,141.59999999999997,1,1,1.0
191,1,162.14,453.0,233.55,222.85000000000002,1,1,1.0
191,2,474.21,354.31,172.79000000000002,141.60000000000002,1,1,1.0
192,1,161.98,461.28,233.69000000000003,224.62,1,1,1.0
192,2,474.84,356.82,172.79000000000002,141.60000000000002,1,1,1.0
193,1,159.58,465.1,233.85,226.39,1,1,1.0
193,2,479.85,358.07,172.78999999999996,141.60000000000002,1,1,1.0
194,1,157.19,468.93,234.0,228.15000000000003,1,1,1.0
194,2,483.6,374.35,172.78999999999996,135.95,1,1,1.0
195,1,154.8,472.75,234.14999999999998,229.91999999999996,1,1,1.0
195,2,482.98,377.48,172.78999999999996,142.81999999999994,1,1,1.0
196,1,150.55,479.55,234.28999999999996,231.68,1,1,1.0
196,2,481.67,384.68,172.79000000000002,142.82,1,1,1.0
197,1,146.3,486.34,234.44,233.44,1,1,1.0
197,2,487.56,388.61,172.79000000000002,142.81999999999994,1,1,1.0
198,1,142.05,493.13,234.58999999999997,235.21000000000004,1,1,1.0
198,2,484.29,402.36,172.79000000000002,142.81999999999994,1,1,1.0
199,1,139.7,498.44,234.74,236.97999999999996,1,1,1.0
199,2,482.98,406.94,172.78999999999996,148.76000000000005,1,1,1.0
200,1,137.35,503.75,234.88000000000002,238.74,1,1,1.0
200,2,482.32,418.73,172.79000000000002,148.75,1,1,1.0
201,1,134.99,509.06,235.03999999999996,240.51000000000005,1,1,1.0
201,2,486.9,422.65,172.80000000000007,148.76,1,1,1.0
202,1,126.52,519.34,235.19,242.26999999999998,1,1,1.0
202,2,485.6,431.82,172.78999999999996,148.76000000000005,1,1,1.0
203,1,118.05,529.61,235.33999999999997,244.03999999999996,1,1,1.0
203,2,486.25,440.33,172.78999999999996,148.76000000000005,1,1,1.0
204,1,113.49,534.95,235.48000000000002,245.79999999999995,1,1,1.0
204,2,488.87,448.19,172.78999999999996,148.75000000000006,1,1,1.0
205,1,108.92,540.28,235.63,247.57000000000005,1,1,1.0
205,2,486.91,451.5,172.79000000000002,151.99,1,1,1.0
206,1,104.35,545.62,235.78,249.33000000000004,1,1,1.0
206,2,485.6,457.39,172.78999999999996,151.99,1,1,1.0
207,1,99.78,550.95,235.92999999999998,251.0999999999999,1,1,1.0
207,2,485.27,463.29,172.78999999999996,151.98999999999995,1,1,1.0
208,1,95.4,554.09,236.07000000000002,252.86,1,1,1.0
208,2,484.94,469.18,172.79000000000002,151.98999999999995,1,1,1.0
209,1,81.05,564.49,243.49,247.31999999999994,1,1,1.0
209,2,487.56,474.42,172.79000000000002,151.98999999999995,1,1,1.0
210,1,66.7,574.9,250.90000000000003,241.76,1,1,1.0
210,2,492.8,481.62,172.79000000000002,151.99,1,1,1.0
211,1,60.1,575.66,255.39000000000001,243.21000000000004,1,1,1.0
211,2,490.18,484.26,172.79000000000002,153.93000000000006,1,1,1.0
212,1,53.5,576.42,259.89,244.66000000000008,1,1,1.0
212,2,487.56,486.9,172.79000000000002,155.87,1,1,1.0
213,1,46.9,577.17,264.38,246.12,1,1,1.0
213,2,488.65,488.0,172.79000000000008,156.96000000000004,1,1,1.0
214,1,40.3,577.93,268.87,247.56000000000006,1,1,1.0
214,2,489.74,489.1,172.78999999999996,158.03999999999996,1,1,1.0
215,1,33.7,578.69,273.36,249.01,1,1,1.0
215,2,490.83,490.2,172.79000000000002,159.12000000000006,1,1,1.0
216,1,32.61,561.21,272.34999999999997,251.29999999999995,1,1,1.0
216,2,498.0,491.51,175.44000000000005,159.12,1,1,1.0
217,1,28.34,561.67,274.95000000000005,251.31000000000006,1,1,1.0
217,2,499.31,491.84,176.76000000000005,159.12000000000006,1,1,1.0
218,1,24.06,562.12,277.57,251.34000000000003,1,1,1.0
218,2,500.62,492.16,178.08000000000004,159.11999999999995,1,1,1.0
219,1,19.78,562.58,280.17999999999995,251.3499999999999,1,1,1.0
219,2,504.78,493.26,179.81000000000006,159.12,1,1,1.0
220,1,15.5,563.03,282.8,251.37,1,1,1.0
220,2,508.94,494.35,181.54000000000002,159.12,1,1,1.0
221,1,11.63,564.07,285.4,248.54999999999995,1,1,1.0
221,2,513.1,495.44,183.27999999999997,159.11999999999995,1,1,1.0
222,1,7.75,565.12,288.0,245.72000000000003,1,1,1.0
222,2,513.1,495.44,188.84000000000003,159.11999999999995,1,1,1.0
223,1,3.88,566.16,290.6,242.89,1,1,1.0
223,2,513.1,495.44,194.39999999999998,159.11999999999995,1,1,1.0
224,1,0.0,567.2,293.2,240.06999999999994,1,1,1.0
224,2,510.81,497.07,198.99999999999994,159.12000000000006,1,1,1.0
225,1,0.0,570.92,290.86,241.57000000000005,1,1,1.0
225,2,508.52,498.71,203.60000000000002,159.12000000000006,1,1,1.0
226,1,0.0,574.63,288.52,243.08000000000004,1,1,1.0
226,2,505.9,503.62,210.15999999999997,164.35000000000002,1,1,1.0
227,1,0.0,578.35,286.18,244.59000000000003,1,1,1.0
227,2,503.28,508.53,216.72000000000003,169.57000000000005,1,1,1.0
228,1,0.0,582.07,283.84,246.08999999999992,1,1,1.0
228,2,503.28,508.53,216.72000000000003,182.67000000000007,1,1,1.0
229,1,0.0,585.78,281.5,247.60000000000002,1,1,1.0
229,2,503.28,508.53,216.72000000000003,190.57000000000005,1,1,1.0
230,1,0.0,589.5,279.16,249.10000000000002,1,1,1.0
230,2,503.28,524.9,216.72000000000003,177.5,1,1,1.0
231,1,0.0,590.29,276.82,253.5300000000001,1,1,1.0
231,2,497.4,524.9,222.60000000000002,194.5,1,1,1.0
232,1,0.0,591.09,274.48,257.94999999999993,1,1,1.0
232,2,497.4,531.45,222.60000000000002,196.79999999999995,1,1,1.0
233,1,0.0,591.88,272.14,262.39,1,1,1.0
233,2,497.4,538.0,222.60000000000002,199.10000000000002,1,1,1.0
234,1,0.0,592.67,269.81,266.82000000000005,1,1,1.0
234,2,498.7,542.37,221.3,198.43999999999994,1,1,1.0
235,1,0.0,593.47,267.47,271.24,1,1,1.0
235,2,500.0,546.73,220.0,197.78999999999996,1,1,1.0
236,1,0.0,594.26,265.13,275.66999999999996,1,1,1.0
236,2,501.3,551.1,218.7,197.13,1,1,1.0
237,1,0.0,595.05,262.79,280.1,1,1,1.0
237,2,501.3,551.1,218.7,207.29999999999995,1,1,1.0
238,1,0.0,595.85,260.45,284.52,1,1,1.0
238,2,501.3,551.1,218.7,216.29999999999995,1,1,1.0
239,1,0.0,596.64,258.11,288.95000000000005,1,1,1.0
239,2,501.3,551.1,218.7,223.5,1,1,1.0
240,1,0.0,597.43,255.77,293.3900000000001,1,1,1.0
240,2,504.15,548.25,215.85000000000002,225.45000000000005,1,1,1.0
241,1,0.0,598.23,253.43,297.80999999999995,1,1,1.0
241,2,507.0,545.4,213.0,227.39999999999998,1,1,1.0
242,1,0.0,599.02,251.09,302.24,1,1,1.0
242,2,509.85,542.55,210.14999999999998,229.35000000000002,1,1,1.0
243,1,0.0,599.81,248.75,306.6700000000001,1,1,1.0
243,2,512.7,539.7,207.29999999999995,231.29999999999995,1,1,1.0
244,1,0.0,600.61,246.41,311.09000000000003,1,1,1.0
244,2,512.7,537.9,207.29999999999995,233.10000000000002,1,1,1.0
245,1,0.0,601.4,244.07,315.52,1,1,1.0
245,2,512.7,536.1,207.29999999999995,234.89999999999998,1,1,1.0
246,1,0.0,602.19,241.73,319.94999999999993,1,1,1.0
246,2,512.7,531.9,207.29999999999995,239.10000000000002,1,1,1.0
247,1,0.0,605.59,239.29,322.13,1,1,1.0
247,2,512.7,530.5,207.29999999999995,240.5,1,1,1.0
248,1,0.0,609.0,236.86,324.28999999999996,1,1,1.0
248,2,512.7,529.1,207.29999999999995,241.89999999999998,1,1,1.0
249,1,0.0,612.4,234.42,326.46000000000004,1,1,1.0
249,2,512.7,527.7,207.29999999999995,243.29999999999995,1,1,1.0
250,1,0.0,615.8,231.98,328.63,1,1,1.0
250,2,508.8,527.7,211.2,243.29999999999995,1,1,1.0
251,1,0.0,619.2,229.55,330.79999999999995,1,1,1.0
251,2,504.9,527.7,215.10000000000002,243.29999999999995,1,1,1.0
252,1,0.0,612.11,227.11,367.9,1,1,1.0
252,2,504.9,520.5,215.10000000000002,250.5,1,1,1.0
253,1,0.0,615.35,224.67,370.59000000000003,1,1,1.0
253,2,501.3,516.3,218.7,254.70000000000005,1,1,1.0
254,1,2.34,618.6,219.9,373.27,1,1,1.0
254,2,496.5,511.5,223.5,259.5,1,1,1.0
255,1,0.0,618.4,219.8,379.4,1,1,1.0
255,2,486.9,507.9,233.10000000000002,263.1,1,1,1.0
256,1,0.0,621.6,212.95,396.28,1,1,1.0
256,2,482.7,507.9,237.3,263.1,1,1,1.0
257,1,0.0,624.8,206.1,413.1600000000001,1,1,1.0
257,2,480.3,503.7,239.7,267.3,1,1,1.0
258,1,0.0,629.8,204.3,414.48,1,1,1.0
258,2,474.9,503.7,245.10000000000002,280.40000000000003,1,1,1.0
259,1,0.0,634.8,199.1,415.79999999999995,1,1,1.0
259,2,469.5,501.2,250.5,282.90000000000003,1,1,1.0
260,1,0.0,635.9,199.23,423.88,1,1,1.0
260,2,468.8,497.2,251.2,286.90000000000003,1,1,1.0
261,1,0.0,637.0,199.35,431.95000000000005,1,1,1.0
261,2,464.8,491.8,255.2,292.3,1,1,1.0
262,1,0.0,638.1,199.48,440.0300000000001,1,1,1.0
262,2,456.1,479.1,263.9,305.0,1,1,1.0
263,1,0.0,638.05,201.34,449.25,1,1,1.0
263,2,448.7,467.0,271.3,317.1,1,1,1.0
264,1,0.0,638.0,203.19,458.48,1,1,1.0
264,2,444.7,460.3,275.3,300.40000000000003,1,1,1.0
265,1,0.0,637.95,205.05,467.71000000000004,1,1,1.0
265,2,441.4,453.6,278.6,307.1,1,1,1.0
266,1,0.0,637.9,206.9,476.92999999999995,1,1,1.0
266,2,431.9,444.9,288.1,315.80000000000007,1,1,1.0
267,1,0.0,643.66,213.19,480.35,1,1,1.0
267,2,426.0,439.8,294.0,320.90000000000003,1,1,1.0
268,1,0.0,649.41,219.48,483.7700000000001,1,1,1.0
268,2,425.97,433.9,294.03,348.0,1,1,1.0
269,1,0.0,655.17,225.77,487.18999999999994,1,1,1.0
269,2,421.6,433.9,298.4,348.0,1,1,1.0
270,1,0.0,660.92,232.06,490.62,1,1,1.0
270,2,415.7,428.0,304.3,353.9,1,1,1.0
271,1,0.0,666.68,238.35,494.0300000000001,1,1,1.0
271,2,409.1,426.5,310.9,355.4,1,1,1.0
272,1,0.0,672.43,244.64,497.46000000000015,1,1,1.0
272,2,400.3,424.3,319.7,363.84999999999997,1,1,1.0
273,1,0.0,678.19,250.93,500.8699999999999,1,1,1.0
273,2,391.5,422.1,328.5,372.29999999999995,1,1,1.0
274,1,0.0,683.94,257.22,504.29999999999995,1,1,1.0
274,2,388.87,422.1,331.13,372.29999999999995,1,1,1.0
275,1,0.0,689.7,263.51,507.72,1,1,1.0
275,2,386.23,422.1,333.77,372.29999999999995,1,1,1.0
276,1,0.0,695.45,269.8,511.1399999999999,1,1,1.0
276,2,383.6,422.1,336.4,372.29999999999995,1,1,1.0
277,1,0.0,701.21,276.09,514.56,1,1,1.0
277,2,383.6,419.1,336.4,375.29999999999995,1,1,1.0
278,1,0.0,706.96,282.39,517.98,1,1,1.0
278,2,382.1,419.1,337.9,376.79999999999995,1,1,1.0
279,1,0.0,712.72,288.68,521.3999999999999,1,1,1.0
279,2,375.4,419.1,344.6,376.79999999999995,1,1,1.0
280,1,0.0,718.47,294.97,524.8299999999999,1,1,1.0
280,2,369.5,419.1,350.5,382.0,1,1,1.0
281,1,0.0,724.23,301.26,528.24,1,1,1.0
281,2,369.5,413.9,350.5,397.20000000000005,1,1,1.0
282,1,0.0,729.98,307.55,531.6700000000001,1,1,1.0
282,2,359.7,413.9,360.3,397.20000000000005,1,1,1.0
283,1,0.0,735.74,313.84,535.0799999999999,1,1,1.0
283,2,353.4,409.7,366.6,405.59999999999997,1,1,1.0
284,1,0.0,741.49,320.13,538.51,1,1,1.0
284,2,353.4,409.7,366.6,405.59999999999997,1,1,1.0
285,1,0.0,745.62,325.18,534.38,1,1,1.0
285,2,350.3,406.6,369.7,418.1,1,1,1.0
286,1,0.0,749.75,330.23,530.25,1,1,1.0
286,2,344.0,406.6,376.0,418.1,1,1,1.0
287,1,0.0,753.88,335.27,526.12,1,1,1.0
287,2,337.7,402.4,382.3,419.20000000000005,1,1,1.0
288,1,0.0,758.01,340.32,521.99,1,1,1.0
288,2,333.5,402.4,386.5,422.35,1,1,1.0
289,1,0.0,762.14,345.37,517.86,1,1,1.0
289,2,329.3,402.4,390.7,425.5,1,1,1.0
290,1,0.0,766.27,350.42,513.73,1,1,1.0
290,2,325.1,397.2,394.9,437.00000000000006,1,1,1.0
291,1,0.0,770.4,355.47,509.6,1,1,1.0
291,2,316.7,394.1,403.3,441.1,1,1,1.0
292,1,0.0,774.53,360.52,505.47,1,1,1.0
292,2,307.3,394.1,412.7,442.1,1,1,1.0
293,1,0.0,778.66,365.56,501.34000000000003,1,1,1.0
293,2,294.7,387.8,425.3,448.40000000000003,1,1,1.0
294,1,0.0,782.79,370.61,497.21000000000004,1,1,1.0
294,2,292.6,387.8,427.4,448.40000000000003,1,1,1.0
295,1,0.0,786.92,375.66,493.08000000000004,1,1,1.0
295,2,285.3,380.5,434.7,460.9,1,1,1.0
296,1,0.0,791.05,380.71,488.95000000000005,1,1,1.0
296,2,285.3,380.5,434.7,465.1,1,1,1.0
297,1,0.0,795.18,385.76,484.82000000000005,1,1,1.0
297,2,276.9,377.4,443.1,468.20000000000005,1,1,1.0
298,1,0.0,799.31,390.81,480.69000000000005,1,1,1.0
298,2,262.2,376.4,457.8,472.30000000000007,1,1,1.0
299,1,0.0,803.44,395.85,476.55999999999995,1,1,1.0
299,2,262.2,373.3,457.8,475.40000000000003,1,1,1.0
300,1,0.0,807.57,400.9,472.42999999999995,1,1,1.0
300,2,258.0,367.0,462.0,481.70000000000005,1,1,1.0
301,1,0.0,811.7,405.95,468.29999999999995,1,1,1.0
301,2,247.5,360.7,472.5,497.40000000000003,1,1,1.0
302,1,0.0,815.83,411.0,464.16999999999996,1,1,1.0
302,2,239.1,357.6,469.4,500.5,1,1,1.0
303,1,0.0,817.62,428.64,462.38,1,1,1.0
303,2,232.42,353.14,473.88,500.5,1,1,1.0
304,1,0.0,819.42,446.29,460.58000000000004,1,1,1.0
304,2,229.1,348.69,472.69999999999993,500.50000000000006,1,1,1.0
305,1,0.0,821.22,463.93,458.78,1,1,1.0
305,2,214.6,340.89,489.4,512.71,1,1,1.0
306,1,0.0,823.02,481.58,456.98,1,1,1.0
306,2,206.8,338.66,484.90000000000003,512.71,1,1,1.0
307,1,0.0,824.82,499.22,455.17999999999995,1,1,1.0
307,2,202.34,334.21,487.11,523.28,1,1,1.0
308,1,0.0,826.62,516.86,453.38,1,1,1.0
308,2,197.89,329.75,489.31000000000006,533.85,1,1,1.0
309,1,0.0,828.41,534.51,451.59000000000003,1,1,1.0
309,2,187.9,324.2,499.30000000000007,539.4000000000001,1,1,1.0
310,1,0.0,830.21,552.15,449.78999999999996,1,1,1.0
310,2,184.56,318.63,499.3,539.4,1,1,1.0
311,1,0.0,832.01,569.79,447.99,1,1,1.0
311,2,182.33,317.52,503.77,539.4,1,1,1.0
312,1,0.0,833.81,587.44,446.19000000000005,1,1,1.0
312,2,175.65,311.95,508.20000000000005,538.26,1,1,1.0
313,1,0.0,835.61,605.08,444.39,1,1,1.0
313,2,168.96,306.38,512.64,537.12,1,1,1.0
314,1,0.0,837.41,622.73,442.59000000000003,1,1,1.0
314,2,155.6,305.26,512.63,540.44,1,1,1.0
315,1,0.0,839.2,640.37,440.79999999999995,1,1,1.0
315,2,154.48,296.35,521.52,549.35,1,1,1.0
316,1,0.0,841.0,658.01,439.0,1,1,1.0
316,2,150.03,289.67,521.51,549.3499999999999,1,1,1.0
317,1,0.0,842.8,675.66,437.20000000000005,1,1,1.0
317,2,142.23,281.87,521.52,559.33,1,1,1.0
318,1,0.0,844.6,693.3,435.4,1,1,1.0
318,2,135.19,276.94,521.52,559.3399999999999,1,1,1.0
319,1,0.0,839.53,698.64,440.47,1,1,1.0
319,2,128.16,272.02,521.52,559.33,1,1,1.0
320,1,0.0,834.45,703.98,445.54999999999995,1,1,1.0
320,2,114.09,267.8,521.52,559.3299999999999,1,1,1.0
321,1,0.0,829.38,709.32,450.62,1,1,1.0
321,2,115.5,262.17,521.51,559.3299999999999,1,1,1.0
322,1,0.0,824.31,714.66,455.69000000000005,1,1,1.0
322,2,108.46,250.92,521.52,559.33,1,1,1.0
323,1,0.0,819.23,720.0,460.77,1,1,1.0
323,2,112.68,250.92,521.52,559.33,1,1,1.0
324,1,18.23,814.16,701.77,465.84000000000003,1,1,1.0
324,2,87.36,246.7,521.52,559.3299999999999,1,1,1.0
325,1,36.46,809.08,683.54,470.91999999999996,1,1,1.0
325,2,85.25,241.07,521.52,559.3299999999999,1,1,1.0
326,1,54.69,804.01,665.31,475.99,1,1,1.0
326,2,83.14,235.44,521.52,559.3299999999999,1,1,1.0
327,1,72.92,798.94,647.08,481.05999999999995,1,1,1.0
327,2,80.32,236.85,521.52,559.3299999999999,1,1,1.0
328,1,91.15,793.86,628.85,486.14,1,1,1.0
328,2,77.51,227.0,521.52,559.33,1,1,1.0
329,1,109.38,788.79,610.62,491.21000000000004,1,1,1.0
329,2,62.03,229.81,538.37,559.3299999999999,1,1,1.0
330,1,127.61,783.71,592.39,496.28999999999996,1,1,1.0
330,2,66.3,212.9,521.47,569.2,1,1,1.0
331,1,145.84,778.64,574.16,501.36,1,1,1.0
331,2,60.67,212.9,521.48,569.2,1,1,1.0
332,1,164.07,773.57,555.9300000000001,506.42999999999995,1,1,1.0
332,2,49.42,210.09,521.47,569.1999999999999,1,1,1.0
333,1,175.79,768.49,544.21,511.51,1,1,1.0
333,2,40.98,200.2,529.92,556.5999999999999,1,1,1.0
334,1,187.51,763.42,532.49,516.58,1,1,1.0
334,2,35.35,198.79,529.92,556.6,1,1,1.0
335,1,199.23,758.35,520.77,521.65,1,1,1.0
335,2,24.09,188.94,534.11,556.5999999999999,1,1,1.0
336,1,210.95,753.27,509.05,526.73,1,1,1.0
336,2,21.28,186.13,521.4200000000001,556.6,1,1,1.0
337,1,222.67,748.2,497.33000000000004,531.8,1,1,1.0
337,2,11.43,181.91,541.07,550.99,1,1,1.0
338,1,234.39,743.12,485.61,536.88,1,1,1.0
338,2,7.68,176.75,541.07,550.99,1,1,1.0
339,1,246.11,738.05,473.89,541.95,1,1,1.0
339,2,3.93,171.59,541.07,550.99,1,1,1.0
340,1,257.83,732.98,462.17,547.02,1,1,1.0
340,2,0.18,166.43,541.07,550.99,1,1,1.0
341,1,269.55,727.9,450.45,552.1,1,1,1.0
341,2,0.18,162.21,538.94,553.8,1,1,1.0
342,1,281.26,722.83,438.74,557.17,1,1,1.0
342,2,0.18,157.99,536.82,556.61,1,1,1.0
343,1,292.98,717.76,427.02,562.24,1,1,1.0
343,2,0.18,155.2,564.9200000000001,555.2,1,1,1.0
344,1,304.7,712.68,415.3,567.32,1,1,1.0
344,2,0.88,150.28,564.92,555.2,1,1,1.0
345,1,316.42,707.61,403.58,572.39,1,1,1.0
345,2,1.58,145.35,564.93,555.1999999999999,1,1,1.0
346,1,328.14,702.53,391.86,577.47,1,1,1.0
346,2,1.58,145.35,556.52,555.1999999999999,1,1,1.0
347,1,339.86,697.46,380.14,582.54,1,1,1.0
347,2,1.58,145.35,542.42,567.85,1,1,1.0
348,1,351.58,692.39,368.42,587.61,1,1,1.0
348,2,0.0,134.1,538.37,567.84,1,1,1.0
349,1,363.3,687.31,356.7,592.69,1,1,1.0
349,2,0.0,134.1,538.37,569.3,1,1,1.0
350,1,363.4,681.08,356.6,590.0199999999999,1,1,1.0
350,2,0.0,134.1,532.7,569.3,1,1,1.0
351,1,363.5,674.84,356.5,587.36,1,1,1.0
351,2,0.0,128.5,515.8,539.7,1,1,1.0
352,1,363.6,668.61,356.4,584.6899999999999,1,1,1.0
352,2,0.0,128.5,504.5,525.6,1,1,1.0
353,1,363.69,662.37,356.31,582.0300000000001,1,1,1.0
353,2,0.0,118.7,504.5,535.4,1,1,1.0
354,1,363.79,656.14,356.21,579.36,1,1,1.0
354,2,0.0,118.7,496.53,541.9699999999999,1,1,1.0
355,1,363.89,649.9,356.11,576.6999999999999,1,1,1.0
355,2,0.0,118.7,488.57,548.53,1,1,1.0
356,1,363.99,643.67,356.01,574.0300000000001,1,1,1.0
356,2,0.0,118.7,480.6,555.0999999999999,1,1,1.0
357,1,364.09,637.43,355.91,571.37,1,1,1.0
357,2,0.0,118.7,477.1,546.65,1,1,1.0
358,1,364.19,631.2,355.81,568.7,1,1,1.0
358,2,0.0,118.7,473.6,538.1999999999999,1,1,1.0
359,1,361.65,628.03,357.90999999999997,570.02,1,1,1.0
359,2,0.0,118.7,472.2,538.1999999999999,1,1,1.0
360,1,359.11,624.87,360.02,571.33,1,1,1.0
360,2,0.0,118.7,468.0,532.5999999999999,1,1,1.0
361,1,356.58,621.7,362.11000000000007,572.6499999999999,1,1,1.0
361,2,0.0,118.7,460.25,517.0999999999999,1,1,1.0
362,1,354.04,618.53,364.21,573.98,1,1,1.0
362,2,0.0,118.7,452.5,501.59999999999997,1,1,1.0
363,1,351.51,615.37,366.31000000000006,575.2900000000001,1,1,1.0
363,2,0.0,118.7,448.3,505.09999999999997,1,1,1.0
364,1,348.97,612.2,368.40999999999997,576.6099999999999,1,1,1.0
364,2,0.0,118.7,444.1,508.59999999999997,1,1,1.0
365,1,356.56,608.59,361.34999999999997,578.2399999999999,1,1,1.0
365,2,0.0,118.7,436.35,503.7,1,1,1.0
366,1,364.14,604.99,354.28999999999996,579.8599999999999,1,1,1.0
366,2,0.0,118.7,428.6,498.8,1,1,1.0
367,1,371.73,601.38,347.22,581.4799999999999,1,1,1.0
367,2,0.0,114.5,422.95,501.6,1,1,1.0
368,1,379.31,597.78,340.17,583.1000000000001,1,1,1.0
368,2,0.0,110.3,417.3,504.40000000000003,1,1,1.0
369,1,386.9,594.17,333.1,584.7300000000001,1,1,1.0
369,2,0.0,110.3,413.1,504.40000000000003,1,1,1.0
370,1,387.01,591.35,332.99,581.7699999999999,1,1,1.0
370,2,0.0,110.3,409.9,518.7,1,1,1.0
371,1,387.12,588.52,332.88,578.8299999999999,1,1,1.0
371,2,0.0,110.3,405.1,518.7,1,1,1.0
372,1,387.23,585.7,332.77,575.8699999999999,1,1,1.0
372,2,0.0,110.3,400.3,518.7,1,1,1.0
373,1,387.34,582.87,332.66,572.92,1,1,1.0
373,2,0.0,114.3,398.7,514.7,1,1,1.0
374,1,387.45,580.05,332.55,569.97,1,1,1.0
374,2,0.0,118.3,397.1,510.7,1,1,1.0
375,1,387.56,577.23,332.44,567.01,1,1,1.0
375,2,0.0,118.3,393.9,510.7,1,1,1.0
376,1,387.67,574.4,332.33,564.07,1,1,1.0
376,2,0.0,118.3,390.7,510.7,1,1,1.0
377,1,387.78,571.58,332.22,561.11,1,1,1.0
377,2,0.0,118.3,387.5,510.7,1,1,1.0
378,1,387.89,568.75,332.11,558.1600000000001,1,1,1.0
378,2,0.0,118.3,384.3,510.7,1,1,1.0
379,1,388.0,565.93,332.0,555.2100000000002,1,1,1.0
379,2,0.0,118.3,378.7,510.7,1,1,1.0
380,1,388.11,563.1,331.89,552.2599999999999,1,1,1.0
380,2,0.0,118.3,373.1,510.7,1,1,1.0
381,1,388.23,560.28,331.77,549.3,1,1,1.0
381,2,0.0,120.97,369.37,508.03,1,1,1.0
382,1,388.34,557.46,331.66,546.3499999999999,1,1,1.0
382,2,0.0,123.63,365.63,505.37,1,1,1.0
383,1,388.45,554.63,331.55,543.4,1,1,1.0
383,2,0.0,126.3,361.9,502.7,1,1,1.0
384,1,388.56,551.81,331.44,540.44,1,1,1.0
384,2,0.0,126.3,358.7,502.7,1,1,1.0
385,1,388.67,548.98,331.33,537.5,1,1,1.0
385,2,0.0,126.3,355.5,502.7,1,1,1.0
386,1,388.78,546.16,331.22,534.5400000000001,1,1,1.0
386,2,0.0,126.3,352.3,502.7,1,1,1.0
387,1,388.89,543.34,331.11,531.59,1,1,1.0
387,2,0.0,126.3,352.3,502.7,1,1,1.0
388,1,389.0,540.51,331.0,528.6400000000001,1,1,1.0
388,2,0.0,126.3,352.3,502.7,1,1,1.0
389,1,389.11,537.69,330.89,525.6799999999998,1,1,1.0
389,2,0.0,126.3,352.3,502.7,1,1,1.0
390,1,389.22,534.86,330.78,522.7399999999999,1,1,1.0
390,2,0.0,126.3,357.1,502.7,1,1,1.0
391,1,389.33,532.04,330.67,519.78,1,1,1.0
391,2,0.0,129.5,360.3,503.5,1,1,1.0
392,1,389.44,529.22,330.56,516.8199999999999,1,1,1.0
392,2,0.0,132.7,363.5,504.3,1,1,1.0
393,1,389.55,526.39,330.45,513.88,1,1,1.0
393,2,0.0,132.7,365.1,504.3,1,1,1.0
394,1,389.66,523.57,330.34,510.91999999999996,1,1,1.0
394,2,0.0,132.7,366.7,504.3,1,1,1.0
395,1,389.77,520.74,330.23,507.97,1,1,1.0
395,2,0.0,132.7,368.3,504.3,1,1,1.0
396,1,389.88,517.92,330.12,505.0200000000001,1,1,1.0
396,2,0.0,132.7,369.9,504.3,1,1,1.0
397,1,389.99,515.1,330.01,502.05999999999995,1,1,1.0
397,2,0.0,132.7,371.5,504.3,1,1,1.0
398,1,390.1,512.27,329.9,499.11,1,1,1.0
398,2,0.0,132.7,370.7,504.3,1,1,1.0
399,1,390.21,509.45,329.79,496.16,1,1,1.0
399,2,0.0,132.7,369.9,504.3,1,1,1.0
400,1,390.32,506.62,329.68,493.21000000000004,1,1,1.0
400,2,0.0,132.7,369.1,504.3,1,1,1.0
401,1,390.43,503.8,329.57,490.25999999999993,1,1,1.0
401,2,0.0,132.7,368.3,504.3,1,1,1.0
402,1,390.54,500.97,329.46,487.30999999999995,1,1,1.0
402,2,0.0,131.63,369.63,500.85,1,1,1.0
403,1,390.65,498.15,329.35,484.35,1,1,1.0
403,2,0.0,130.57,370.97,497.40000000000003,1,1,1.0
404,1,390.76,495.33,329.24,481.40000000000003,1,1,1.0
404,2,0.0,129.5,372.3,493.95000000000005,1,1,1.0
405,1,390.88,492.5,329.12,478.45000000000005,1,1,1.0
405,2,0.0,128.43,373.63,490.49999999999994,1,1,1.0
406,1,390.99,489.68,329.01,475.48999999999995,1,1,1.0
406,2,0.0,127.37,374.97,487.04999999999995,1,1,1.0
407,1,391.1,486.85,328.9,472.54999999999995,1,1,1.0
407,2,0.0,126.3,376.3,483.59999999999997,1,1,1.0
408,1,391.21,484.03,328.79,469.59000000000003,1,1,1.0
408,2,0.0,123.5,377.5,486.4,1,1,1.0
409,1,391.32,481.21,328.68,466.63000000000005,1,1,1.0
409,2,0.0,120.7,378.7,489.2,1,1,1.0
410,1,391.43,478.38,328.57,463.69000000000005,1,1,1.0
410,2,0.0,117.9,379.9,492.0,1,1,1.0
411,1,391.54,475.56,328.46,460.72999999999996,1,1,1.0
411,2,0.0,115.1,381.1,494.79999999999995,1,1,1.0
412,1,391.65,472.73,328.35,457.78999999999996,1,1,1.0
412,2,0.0,115.1,383.77,494.79999999999995,1,1,1.0
413,1,391.76,469.91,328.24,454.83,1,1,1.0
413,2,0.0,115.1,386.43,494.79999999999995,1,1,1.0
414,1,391.87,467.09,328.13,451.87000000000006,1,1,1.0
414,2,0.0,115.1,389.1,494.79999999999995,1,1,1.0
415,1,391.98,464.26,328.02,448.93000000000006,1,1,1.0
415,2,0.0,114.36,389.84,491.86,1,1,1.0
416,1,392.09,461.44,327.91,445.96999999999997,1,1,1.0
416,2,0.0,113.62,390.58,488.92999999999995,1,1,1.0
417,1,392.2,458.61,327.8,443.02,1,1,1.0
417,2,0.0,112.88,391.32,485.99,1,1,1.0
418,1,390.54,455.79,329.46,440.07,1,1,1.0
418,2,0.0,112.15,392.05,483.0400000000001,1,1,1.0
419,1,388.88,452.97,331.12,437.11,1,1,1.0
419,2,0.0,111.41,392.79,480.11,1,1,1.0
420,1,387.21,450.14,332.79,434.15999999999997,1,1,1.0
420,2,0.0,110.67,393.53,477.17,1,1,1.0
421,1,385.55,447.32,334.45,431.21,1,1,1.0
421,2,0.0,109.93,394.27,474.22999999999996,1,1,1.0
422,1,383.89,444.49,336.11,428.26,1,1,1.0
422,2,0.0,109.19,395.01,471.29,1,1,1.0
423,1,382.23,441.67,337.77,425.31,1,1,1.0
423,2,0.0,108.45,395.75,468.35999999999996,1,1,1.0
424,1,380.56,438.84,339.44,422.36000000000007,1,1,1.0
424,2,0.0,107.72,396.48,465.40999999999997,1,1,1.0
425,1,378.9,436.02,341.1,419.4,1,1,1.0
425,2,0.0,106.98,397.22,462.47,1,1,1.0
426,1,374.89,433.2,345.11,416.45,1,1,1.0
426,2,0.0,106.24,397.96,459.53999999999996,1,1,1.0
427,1,370.87,430.37,349.13,413.5,1,1,1.0
427,2,0.0,105.5,398.7,456.6,1,1,1.0
428,1,366.86,427.55,353.14,410.54,1,1,1.0
428,2,0.0,105.83,398.1,456.27000000000004,1,1,1.0
429,1,362.84,424.72,357.16,407.6,1,1,1.0
429,2,0.0,106.17,397.51,455.93,1,1,1.0
430,1,358.83,421.9,361.17,404.64,1,1,1.0
430,2,0.0,106.5,396.91,455.6,1,1,1.0
431,1,358.37,420.21,361.63,400.55,1,1,1.0
431,2,0.0,106.83,396.32,455.27000000000004,1,1,1.0
432,1,357.91,418.52,362.09,396.47,1,1,1.0
432,2,0.0,107.17,395.72,454.93,1,1,1.0
433,1,357.45,416.83,362.55,392.38000000000005,1,1,1.0
433,2,0.0,107.5,395.13,454.6,1,1,1.0
434,1,356.99,415.14,363.01,388.28999999999996,1,1,1.0
434,2,0.0,107.83,394.53,454.27000000000004,1,1,1.0
435,1,356.53,413.45,363.47,384.21,1,1,1.0
435,2,0.0,108.17,393.93,453.93,1,1,1.0
436,1,356.07,411.75,363.93,380.13,1,1,1.0
436,2,0.0,108.5,393.34,453.6,1,1,1.0
437,1,355.61,410.06,364.39,376.05,1,1,1.0
437,2,0.0,108.83,392.74,453.27000000000004,1,1,1.0
438,1,355.15,408.37,364.85,371.96000000000004,1,1,1.0
438,2,0.0,109.17,392.15,452.93,1,1,1.0
439,1,354.69,406.68,365.31,367.86999999999995,1,1,1.0
439,2,0.0,109.5,391.55,452.6,1,1,1.0
440,1,354.23,404.99,365.77,363.78999999999996,1,1,1.0
440,2,0.0,109.83,390.95,452.27000000000004,1,1,1.0
441,1,353.77,403.3,366.23,359.7,1,1,1.0
441,2,0.0,110.17,390.36,451.93,1,1,1.0
442,1,356.28,401.25,362.85,391.9,1,1,1.0
442,2,0.0,110.5,389.76,451.6,1,1,1.0
443,1,358.8,399.21,359.45,424.09,1,1,1.0
443,2,0.0,110.83,389.17,451.27000000000004,1,1,1.0
444,1,354.76,396.57,363.47,424.68,1,1,1.0
444,2,0.0,111.17,388.57,450.93,1,1,1.0
445,1,350.72,393.94,367.48,425.27000000000004,1,1,1.0
445,2,0.0,111.5,387.98,450.6,1,1,1.0
446,1,346.67,391.3,371.50999999999993,425.85999999999996,1,1,1.0
446,2,0.0,111.83,387.38,450.27000000000004,1,1,1.0
447,1,342.63,388.67,375.53,426.45,1,1,1.0
447,2,0.0,112.17,386.78,449.93,1,1,1.0
448,1,338.59,386.03,379.54,427.0400000000001,1,1,1.0
448,2,0.0,112.5,386.19,449.6,1,1,1.0
449,1,334.55,383.4,383.56,427.63,1,1,1.0
449,2,0.0,112.83,385.59,449.27000000000004,1,1,1.0
450,1,334.15,383.24,384.19000000000005,425.65999999999997,1,1,1.0
450,2,0.0,113.17,385.0,448.93,1,1,1.0
451,1,333.76,383.07,384.82000000000005,423.71,1,1,1.0
451,2,0.0,113.5,384.4,448.6,1,1,1.0
452,1,333.36,382.91,385.46000000000004,421.73999999999995,1,1,1.0
452,2,0.0,115.29,384.4,446.81,1,1,1.0
453,1,332.97,382.75,386.0799999999999,419.77,1,1,1.0
453,2,0.0,117.08,384.4,445.02000000000004,1,1,1.0
454,1,332.58,382.59,386.71,417.81,1,1,1.0
454,2,0.0,118.86,384.4,443.24,1,1,1.0
455,1,332.18,382.42,387.34999999999997,415.84999999999997,1,1,1.0
455,2,0.0,120.65,384.4,441.45000000000005,1,1,1.0
456,1,331.79,382.26,387.96999999999997,413.89,1,1,1.0
456,2,0.0,122.44,384.4,439.66,1,1,1.0
457,1,331.39,382.1,388.61,411.91999999999996,1,1,1.0
457,2,0.0,124.23,384.4,437.87,1,1,1.0
458,1,330.76,385.0,389.24,404.65,1,1,1.0
458,2,0.0,126.01,384.4,436.09000000000003,1,1,1.0
459,1,330.13,387.9,389.87,397.37,1,1,1.0
459,2,0.0,127.8,384.4,434.3,1,1,1.0
460,1,329.5,375.2,390.5,405.7,1,1,1.0
460,2,0.0,130.47,384.4,431.63,1,1,1.0
461,1,332.69,382.64,387.31,402.57000000000005,1,1,1.0
461,2,0.0,133.13,384.4,428.97,1,1,1.0
462,1,335.88,390.08,384.12,399.43,1,1,1.0
462,2,0.0,135.8,384.4,426.3,1,1,1.0
463,1,339.07,397.51,380.93,396.31000000000006,1,1,1.0
463,2,0.0,137.93,384.4,424.17,1,1,1.0
464,1,342.26,404.95,377.74,393.17,1,1,1.0
464,2,0.0,140.07,384.4,422.03000000000003,1,1,1.0
465,1,345.45,412.39,374.55,390.03999999999996,1,1,1.0
465,2,0.0,142.2,384.4,419.90000000000003,1,1,1.0
466,1,348.64,419.83,371.36,386.90000000000003,1,1,1.0
466,2,0.0,142.2,381.6,419.90000000000003,1,1,1.0
467,1,351.83,427.26,368.17,383.78,1,1,1.0
467,2,0.0,142.2,378.8,419.90000000000003,1,1,1.0
468,1,355.02,434.7,364.98,380.64000000000004,1,1,1.0
468,2,0.0,142.2,376.0,419.90000000000003,1,1,1.0
469,1,358.21,434.15,361.79,385.5,1,1,1.0
469,2,0.0,142.2,373.2,419.90000000000003,1,1,1.0
470,1,361.4,433.6,358.6,390.36,1,1,1.0
470,2,0.0,145.0,372.8,418.70000000000005,1,1,1.0
471,1,365.43,435.67,349.7,360.99999999999994,1,1,1.0
471,2,0.0,147.8,372.4,417.49999999999994,1,1,1.0
472,1,369.46,437.73,340.81,331.65999999999997,1,1,1.0
472,2,0.0,150.6,372.0,416.29999999999995,1,1,1.0
473,1,373.5,439.8,331.9,302.3,1,1,1.0
473,2,0.0,153.4,371.6,415.1,1,1,1.0
474,1,372.8,441.22,329.18,306.64,1,1,1.0
474,2,0.0,157.67,371.6,415.1,1,1,1.0
475,1,372.1,442.64,326.4599999999999,310.99,1,1,1.0
475,2,0.0,161.93,371.6,415.09999999999997,1,1,1.0
476,1,371.4,444.06,323.74,315.33,1,1,1.0
476,2,0.0,166.2,371.6,415.09999999999997,1,1,1.0
477,1,370.7,445.47,321.02000000000004,319.67999999999995,1,1,1.0
477,2,0.0,167.53,371.6,415.1,1,1,1.0
478,1,370.0,446.89,318.29999999999995,324.03,1,1,1.0
478,2,0.0,168.87,371.6,415.1,1,1,1.0
479,1,368.04,447.4,314.41,328.37,1,1,1.0
479,2,0.0,170.2,371.6,415.09999999999997,1,1,1.0
480,1,366.09,447.91,310.50000000000006,332.71,1,1,1.0
480,2,0.0,171.53,371.6,415.1,1,1,1.0
481,1,306.9,438.4,366.80000000000007,348.02,1,1,1.0
481,2,0.0,172.87,371.6,415.1,1,1,1.0
482,1,312.67,440.04,357.46999999999997,292.35999999999996,1,1,1.0
482,2,0.0,174.2,371.6,415.09999999999997,1,1,1.0
483,1,318.43,441.68,348.15000000000003,275.02000000000004,1,1,1.0
483,2,0.0,176.07,371.6,414.56,1,1,1.0
484,1,324.2,443.33,338.82,257.67,1,1,1.0
484,2,0.0,177.93,371.6,414.04,1,1,1.0
485,1,329.96,444.97,329.50000000000006,259.42999999999995,1,1,1.0
485,2,0.0,179.8,371.6,413.49999999999994,1,1,1.0
486,1,335.73,446.61,320.16999999999996,261.18999999999994,1,1,1.0
486,2,0.0,181.67,371.6,412.96000000000004,1,1,1.0
487,1,333.46,448.25,321.12000000000006,267.40999999999997,1,1,1.0
487,2,0.0,183.53,371.6,412.44000000000005,1,1,1.0
488,1,331.2,449.9,322.06,273.63,1,1,1.0
488,2,0.0,185.4,371.6,411.9,1,1,1.0
489,1,328.93,451.54,323.01000000000005,279.84999999999997,1,1,1.0
489,2,0.0,189.22,371.6,412.22,1,1,1.0
490,1,326.67,453.18,323.95,286.08,1,1,1.0
490,2,0.0,193.04,371.6,412.5400000000001,1,1,1.0
491,1,324.4,454.82,324.9,292.3,1,1,1.0
491,2,0.0,196.86,371.6,412.86,1,1,1.0
492,1,302.76,440.97,340.74,291.24,1,1,1.0
492,2,0.0,200.68,371.6,413.18,1,1,1.0
493,1,281.12,427.11,356.58000000000004,290.18999999999994,1,1,1.0
493,2,0.0,204.5,371.6,413.5,1,1,1.0
494,1,288.99,429.44,346.90999999999997,298.56,1,1,1.0
494,2,0.0,207.46,373.87,412.80999999999995,1,1,1.0
495,1,296.87,431.77,339.13,312.33000000000004,1,1,1.0
495,2,0.0,210.41,376.14,412.13,1,1,1.0
496,1,304.75,434.1,325.95000000000005,311.4,1,1,1.0
496,2,0.0,213.37,378.41,411.43999999999994,1,1,1.0
497,1,312.62,436.43,314.73,305.17,1,1,1.0
497,2,0.0,216.33,380.69,410.76,1,1,1.0
498,1,320.5,438.76,303.5,298.94000000000005,1,1,1.0
498,2,0.0,219.29,382.96,410.07000000000005,1,1,1.0
499,1,315.6,431.98,306.53,312.75,1,1,1.0
499,2,0.0,222.24,385.23,409.39,1,1,1.0
500,1,310.7,425.19,309.57,326.58,1,1,1.0
500,2,0.0,225.2,387.5,408.7,1,1,1.0
501,1,305.8,418.4,312.59999999999997,340.4,1,1,1.0
501,2,0.0,227.33,390.68,410.28999999999996,1,1,1.0
502,1,298.3,425.1,322.84999999999997,343.37,1,1,1.0
502,2,0.0,229.47,393.87,411.86,1,1,1.0
503,1,307.67,428.07,309.84999999999997,320.92,1,1,1.0
503,2,0.0,231.6,397.05,413.44999999999993,1,1,1.0
504,1,317.04,431.04,296.85999999999996,298.46,1,1,1.0
504,2,0.0,233.73,400.23,415.03999999999996,1,1,1.0
505,1,326.41,434.01,294.19,268.59000000000003,1,1,1.0
505,2,0.0,235.87,403.42,416.61,1,1,1.0
506,1,335.77,436.98,282.33000000000004,278.12,1,1,1.0
506,2,0.0,238.0,406.6,418.20000000000005,1,1,1.0
507,1,345.14,439.95,267.06000000000006,278.55,1,1,1.0
507,2,0.0,241.2,409.27,420.83,1,1,1.0
508,1,354.51,442.92,256.59000000000003,279.33,1,1,1.0
508,2,0.0,244.4,411.93,423.47,1,1,1.0
509,1,363.88,445.89,246.12,280.11,1,1,1.0
509,2,0.0,247.6,414.6,426.1,1,1,1.0
510,1,325.8,448.86,287.98999999999995,290.61,1,1,1.0
510,2,0.0,251.58,418.98,427.69999999999993,1,1,1.0
511,1,336.86,459.1,273.43999999999994,295.69999999999993,1,1,1.0
511,2,0.0,255.55,423.35,429.3,1,1,1.0
512,1,341.85,461.8,266.42999999999995,293.03000000000003,1,1,1.0
512,2,0.0,259.53,427.73,430.9,1,1,1.0
513,1,346.83,464.5,259.44,290.37,1,1,1.0
513,2,0.0,263.5,432.1,432.5,1,1,1.0
514,1,351.82,467.2,252.43,287.7,1,1,1.0
514,2,0.0,263.5,436.1,439.65,1,1,1.0
515,1,363.64,469.9,245.44000000000005,280.0,1,1,1.0
515,2,0.0,263.5,440.1,446.79999999999995,1,1,1.0
516,1,313.4,452.5,300.5,304.20000000000005,1,1,1.0
516,2,0.0,265.1,443.3,450.79999999999995,1,1,1.0
517,1,328.04,456.11,279.75999999999993,326.09000000000003,1,1,1.0
517,2,0.0,266.7,446.5,454.8,1,1,1.0
518,1,342.69,459.73,265.01000000000005,316.47,1,1,1.0
518,2,0.0,266.7,457.7,459.59999999999997,1,1,1.0
519,1,339.1,465.2,274.22,328.03000000000003,1,1,1.0
519,2,0.0,273.1,461.7,453.19999999999993,1,1,1.0
520,1,341.05,464.15,270.60999999999996,320.56000000000006,1,1,1.0
520,2,0.0,279.5,465.7,446.79999999999995,1,1,1.0
521,1,343.0,463.1,267.0,313.1,1,1,1.0
521,2,0.0,283.77,469.97,451.56000000000006,1,1,1.0
522,1,360.21,467.15,252.58999999999997,296.25,1,1,1.0
522,2,0.0,288.03,474.23,456.34000000000003,1,1,1.0
523,1,333.7,465.7,285.8,319.78000000000003,1,1,1.0
523,2,0.0,292.3,478.5,461.09999999999997,1,1,1.0
524,1,353.82,470.12,257.78000000000003,315.58000000000004,1,1,1.0
524,2,0.0,292.3,492.8,475.40000000000003,1,1,1.0
525,1,337.5,472.7,274.5,309.3,1,1,1.0
525,2,0.0,301.05,496.8,476.2,1,1,1.0
526,1,360.43,477.26,259.87999999999994,303.14,1,1,1.0
526,2,0.0,309.8,500.8,476.99999999999994,1,1,1.0
527,1,341.4,467.2,287.22,328.50000000000006,1,1,1.0
527,2,0.0,309.8,499.2,484.99999999999994,1,1,1.0
528,1,348.08,476.74,268.79,295.26,1,1,1.0
528,2,0.0,309.8,518.3,484.99999999999994,1,1,1.0
529,1,324.0,485.9,294.05999999999995,285.9,1,1,1.0
529,2,0.0,322.6,524.7,472.19999999999993,1,1,1.0
530,2,0.0,322.6,532.7,486.5,1,1,1.0
531,2,0.0,330.6,539.1,491.29999999999995,1,1,1.0
532,2,0.0,343.4,550.3,481.70000000000005,1,1,1.0
533,2,0.0,343.4,558.3,481.70000000000005,1,1,1.0
534,2,0.0,343.4,566.3,486.5,1,1,1.0
535,2,0.0,362.5,575.9,491.29999999999995,1,1,1.0
536,2,0.0,368.87,584.93,495.03,1,1,1.0
537,2,0.0,375.23,593.97,498.77,1,1,1.0
538,2,0.0,381.6,603.0,502.5,1,1,1.0
539,2,0.0,392.8,615.8,499.3,1,1,1.0
540,2,0.0,397.6,622.95,501.65,1,1,1.0
541,2,0.0,402.4,630.1,504.0,1,1,1.0
542,2,0.0,413.6,642.9,504.0,1,1,1.0
543,2,0.0,421.6,650.9,508.79999999999995,1,1,1.0
544,2,0.0,431.2,658.9,504.00000000000006,1,1,1.0
545,2,0.0,431.2,668.5,504.00000000000006,1,1,1.0
546,2,0.0,442.35,675.65,504.04999999999995,1,1,1.0
547,2,0.0,453.5,682.8,504.1,1,1,1.0
548,2,0.0,453.5,695.6,504.1,1,1,1.0
549,2,0.0,467.8,705.2,504.09999999999997,1,1,1.0
550,2,0.0,477.4,714.8,502.5,1,1,1.0
551,2,0.0,477.4,720.0,502.5,1,1,1.0
552,2,0.0,477.4,720.0,509.4,1,1,1.0
553,2,0.0,477.4,720.0,516.3000000000001,1,1,1.0
554,2,0.0,477.4,720.0,523.2,1,1,1.0
555,2,1.6,486.97,718.4,520.0,1,1,1.0
556,2,3.2,496.53,716.8,516.8000000000001,1,1,1.0
557,2,4.8,506.1,715.2,513.6,1,1,1.0
558,2,14.4,506.1,705.6,513.6,1,1,1.0
559,2,19.2,518.05,700.8,501.6500000000001,1,1,1.0
560,2,24.0,530.0,696.0,489.70000000000005,1,1,1.0
561,2,28.8,534.8,691.2,491.29999999999995,1,1,1.0
562,2,33.6,539.6,686.4,492.9,1,1,1.0
563,2,39.2,547.55,680.8,484.95000000000005,1,1,1.0
564,1,148.8,540.2,342.0,77.5,1,1,1.0
564,2,44.8,555.5,675.2,477.0,1,1,1.0
565,1,147.9,546.2,350.5,81.93999999999994,1,1,1.0
565,2,55.15,561.9,664.85,479.35,1,1,1.0
566,1,138.4,549.3,354.9,89.2700000000001,1,1,1.0
566,2,65.5,568.3,654.5,481.70000000000005,1,1,1.0
567,1,133.2,537.9,365.90000000000003,94.70000000000005,1,1,1.0
567,2,65.5,581.1,654.5,468.9,1,1,0.0
568,1,121.1,551.8,418.43999999999994,107.6400000000001,1,1,1.0
568,2,68.7,584.3,651.3,465.70000000000005,1,1,0.0
569,1,115.0,557.7,419.40999999999997,112.17999999999995,1,1,1.0
569,2,71.9,587.5,648.1,462.5,1,1,0.0
570,1,109.4,557.2,419.88,123.1099999999999,1,1,1.0
570,2,75.1,590.7,644.9,459.29999999999995,1,1,0.0
571,1,100.5,567.3,423.65999999999997,123.45000000000005,1,1,1.0
571,2,81.5,600.3,638.5,449.70000000000005,1,1,0.0
572,1,82.5,570.1,436.53,91.0,1,1,1.0
572,2,81.5,609.9,638.5,460.80000000000007,1,1,0.0
573,1,77.7,556.43,436.2,155.19000000000005,1,1,1.0
573,2,84.7,614.7,635.3,471.89999999999986,1,1,0.0
574,1,71.4,575.61,482.64,146.43999999999994,1,1,1.0
574,2,84.7,627.5,635.3,459.0999999999999,1,1,0.0
575,1,73.0,594.8,477.41999999999996,137.69000000000005,1,1,1.0
575,2,91.1,640.3,628.9,446.29999999999995,1,1,0.0
576,1,56.4,587.6,490.4,155.31999999999994,1,1,1.0
576,2,91.1,645.1,628.9,441.4999999999999,1,1,0.0
577,1,46.55,590.45,502.46,162.90999999999997,1,1,1.0
577,2,91.1,649.9,628.9,436.69999999999993,1,1,0.0
578,1,36.7,593.3,514.53,170.49,1,1,1.0
578,2,91.1,659.5,628.9,427.0999999999999,1,1,0.0
579,1,24.47,602.8,523.48,171.43000000000006,1,1,1.0
579,2,73.6,672.3,646.4,431.79999999999995,1,1,0.0
580,1,12.23,612.3,532.4499999999999,172.36,1,1,1.0
580,2,73.6,688.2,646.4,415.89999999999986,1,1,0.0
581,1,0.0,621.8,541.4,173.30000000000007,1,1,1.0
581,2,73.6,701.0,646.4,403.0999999999999,1,1,0.0
582,1,0.0,614.92,618.27,190.58000000000004,1,1,1.0
582,2,56.1,701.0,663.9,403.0999999999999,1,1,0.0
583,1,0.0,631.1,617.1,174.10000000000002,1,1,1.0
583,2,59.3,721.6,660.7,382.4999999999999,1,1,0.0
584,1,0.0,641.6,643.1,170.91999999999996,1,1,1.0
584,2,60.9,728.0,659.1,403.20000000000005,1,1,0.0
585,1,0.0,642.6,644.0,184.29999999999995,1,1,1.0
585,2,59.3,732.8,660.7,426.29999999999995,1,1,0.0
586,1,0.0,650.4,653.6,185.30000000000007,1,1,1.0
586,2,57.7,737.6,662.3,449.4,1,1,0.0
587,1,0.0,652.3,659.1,195.70000000000005,1,1,1.0
587,2,51.3,737.6,668.7,449.4,1,1,0.0
588,1,0.0,656.77,664.01,185.70000000000005,1,1,1.0
588,2,44.9,748.8,675.1,438.20000000000005,1,1,0.0
589,1,0.0,658.9,675.5,177.70000000000005,1,1,1.0
589,2,42.5,748.0,677.5,460.5,1,1,0.0
590,1,0.0,656.3,687.3,170.60000000000002,1,1,1.0
590,2,40.1,747.2,679.9,482.79999999999995,1,1,0.0
591,1,0.0,649.5,695.5,187.39999999999998,1,1,1.0
591,2,41.7,747.2,678.3,489.20000000000005,1,1,0.0
592,1,0.0,650.9,709.6,188.39999999999998,1,1,1.0
592,2,30.5,753.6,689.5,482.80000000000007,1,1,0.0
593,1,0.0,645.3,698.1,191.5,1,1,1.0
593,2,30.5,747.2,689.5,489.20000000000005,1,1,0.0
594,1,0.0,638.4,712.2,167.89999999999998,1,1,1.0
594,2,25.7,753.6,694.3,508.30000000000007,1,1,0.0
595,1,0.0,632.1,718.9,142.03999999999996,1,1,1.0
595,2,25.7,752.0,694.3,514.7,1,1,0.0
596,1,0.0,620.4,720.0,160.89999999999998,1,1,1.0
596,2,14.5,745.6,705.5,529.1,1,1,0.0
597,1,0.0,620.9,718.75,158.0,1,1,1.0
597,2,1.7,745.6,718.3,529.1,1,1,0.0
598,1,0.85,614.5,718.9599999999999,177.10000000000002,1,1,1.0
598,2,1.7,739.5,718.3,540.5,1,1,0.0
599,1,7.7,598.1,712.3,172.79999999999995,1,1,1.0
599,2,6.3,725.8,713.7,552.6700000000001,1,1,0.0
600,1,22.5,584.4,697.5,184.39999999999998,1,1,1.0
600,2,0.0,715.1,720.0,563.37,1,1,0.0
601,1,31.1,565.7,688.9,188.64,1,1,1.0
601,2,0.0,702.9,720.0,575.57,1,1,0.0
602,1,44.7,550.3,675.0,210.10000000000002,1,1,1.0
602,2,0.0,689.2,720.0,589.27,1,1,0.0
603,1,53.2,532.0,666.8,226.5,1,1,1.0
603,2,0.0,674.0,720.0,604.47,1,1,0.0
604,1,66.6,517.9,653.4,237.89999999999998,1,1,1.0
604,2,0.0,663.3,720.0,615.1700000000001,1,1,0.0
605,1,71.1,505.4,648.9,254.25,1,1,1.0
605,2,0.0,651.1,720.0,627.37,1,1,0.0
606,1,87.7,491.2,631.39,272.87000000000006,1,1,1.0
606,2,0.0,637.38,720.0,642.62,1,1,0.0
607,1,95.0,472.6,625.0,297.19999999999993,1,1,1.0
607,2,0.0,620.6,720.0,659.4,1,1,0.0
608,1,101.1,457.8,618.9,334.49999999999994,1,1,1.0
608,2,1.53,606.87,718.47,673.13,1,1,0.0
609,1,104.7,442.6,615.3,365.5,1,1,1.0
609,2,1.53,591.6,718.47,688.4,1,1,0.0
610,1,111.2,429.9,608.8,399.70000000000005,1,1,1.0
610,2,1.53,577.9,718.47,702.1,1,1,0.0
611,1,119.3,411.3,598.24,465.11999999999995,1,1,1.0
611,2,1.53,559.6,718.47,720.4,1,1,0.0
612,1,130.4,392.3,587.96,491.09999999999997,1,1,1.0
612,2,1.53,543.2,718.47,736.8,1,1,0.0
613,1,141.8,378.5,577.3799999999999,488.20000000000005,1,1,1.0
613,2,1.53,519.6,718.47,760.4,1,1,0.0
614,1,157.6,360.3,562.4,501.90000000000003,1,1,1.0
614,2,1.53,500.9,718.47,779.1,1,1,0.0
615,1,171.0,340.4,547.43,508.80000000000007,1,1,1.0
615,2,1.53,477.5,718.47,802.5,1,1,0.0
616,1,178.2,313.5,541.01,529.4,1,1,1.0
616,2,1.53,452.8,718.47,827.2,1,1,0.0
617,1,196.8,293.6,523.2,527.6,1,1,1.0
617,2,1.53,427.2,718.47,852.8,1,1,0.0
618,1,212.3,263.8,505.46,530.9000000000001,1,1,1.0
618,2,1.53,403.8,705.6700000000001,876.2,1,1,0.0
619,1,236.8,211.46,481.71,549.74,1,1,1.0
619,2,1.53,374.0,641.77,906.0,1,1,0.0
620,1,257.5,214.28,461.75,527.32,1,1,1.0
620,2,1.53,348.4,583.47,931.6,1,1,0.0
621,1,282.8,217.1,437.2,497.19999999999993,1,1,1.0
621,2,1.53,334.8,527.07,945.2,1,1,0.0
622,1,297.3,202.7,422.7,514.3,1,1,1.0
622,2,1.53,317.3,472.67,962.7,1,1,0.0
623,1,328.3,199.0,391.7,481.4,1,1,1.0
623,2,1.53,309.5,453.27000000000004,953.0,1,1,0.0
624,1,351.1,184.1,366.81999999999994,474.0,1,1,1.0
624,2,1.53,297.8,426.07000000000005,939.4000000000001,1,1,0.0
625,1,368.51,176.7,350.11,459.7,1,1,1.0
625,2,1.53,295.9,424.17,918.0000000000001,1,1,0.0
626,1,365.8,165.58,353.50999999999993,448.31999999999994,1,1,1.0
626,2,1.53,292.0,424.17,905.4000000000001,1,1,0.0
627,1,392.7,167.6,327.3,448.79999999999995,1,1,1.0
627,2,1.53,288.1,424.17,892.8000000000001,1,1,0.0
628,1,390.35,163.63,328.66999999999996,449.27,1,1,1.0
628,2,1.53,288.1,424.17,881.63,1,1,0.0
629,1,388.0,159.67,330.03999999999996,449.73,1,1,1.0
629,2,1.53,288.1,424.17,870.4499999999999,1,1,0.0
630,1,393.2,161.54,325.50000000000006,432.57000000000005,1,1,1.0
630,2,1.53,288.1,424.17,859.2800000000001,1,1,0.0
631,1,398.4,163.42,320.95000000000005,415.4000000000001,1,1,1.0
631,2,1.53,288.1,424.17,848.1,1,1,0.0
632,1,403.6,165.3,316.4,398.22999999999996,1,1,1.0
632,2,1.53,292.18,424.17,844.02,1,1,0.0
633,1,406.03,168.7,313.1600000000001,396.59,1,1,1.0
633,2,1.53,296.26,424.17,839.94,1,1,0.0
634,1,408.47,172.1,309.91999999999996,394.93999999999994,1,1,1.0
634,2,1.53,300.34,424.17,835.8600000000001,1,1,0.0
635,1,410.9,175.5,306.68000000000006,393.29999999999995,1,1,1.0
635,2,1.53,304.42,424.17,831.78,1,1,0.0
636,1,408.96,178.43,309.2300000000001,389.11999999999995,1,1,1.0
636,2,1.53,308.5,424.17,827.7,1,1,0.0
637,1,407.02,181.37,311.77,384.93999999999994,1,1,1.0
637,2,1.53,312.58,424.17,823.6200000000001,1,1,0.0
638,1,405.07,184.3,314.33,380.75999999999993,1,1,1.0
638,2,1.53,316.66,424.17,819.54,1,1,0.0
639,1,403.13,198.1,316.87,368.62,1,1,1.0
639,2,1.53,320.74,424.17,815.46,1,1,0.0
640,1,401.19,209.8,317.64000000000004,358.58,1,1,1.0
640,2,1.53,324.82,424.17,811.3800000000001,1,1,0.0
641,1,399.24,222.5,320.16999999999996,347.53999999999996,1,1,1.0
641,2,1.53,328.9,424.17,807.3000000000001,1,1,0.0
642,1,397.3,230.4,322.7,341.30000000000007,1,1,1.0
642,2,1.53,347.35,424.17,788.85,1,1,0.0
643,1,399.62,244.79,320.38,343.46000000000004,1,1,1.0
643,2,1.53,365.8,424.17,770.4000000000001,1,1,0.0
644,1,401.95,259.18,318.05,345.61999999999995,1,1,1.0
644,2,1.53,395.95,424.17,753.45,1,1,0.0
645,1,400.09,267.38,319.91,347.82000000000005,1,1,1.0
645,2,1.53,426.1,424.17,736.4999999999999,1,1,0.0
646,1,401.03,298.05,318.97,344.46999999999997,1,1,1.0
646,2,0.0,431.6,422.05,749.2499999999999,1,1,0.0
647,1,396.4,319.19,323.6,343.83,1,1,1.0
647,2,7.29,466.24,422.06,749.26,1,1,0.0
648,1,395.93,332.1,322.98999999999995,343.19999999999993,1,1,1.0
648,2,0.0,486.13,434.32,749.2600000000001,1,1,0.0
649,1,394.09,352.14,325.37000000000006,353.78,1,1,1.0
649,2,0.0,525.9,441.77,736.83,1,1,0.0
650,1,392.24,368.1,327.76,353.25,1,1,1.0
650,2,0.0,555.7,441.77,724.3,1,1,0.0
651,1,390.4,385.6,328.55000000000007,338.69999999999993,1,1,1.0
651,2,0.0,583.0,461.7,697.0,1,1,0.0
652,1,394.2,400.5,325.27000000000004,345.12,1,1,1.0
652,2,0.0,600.4,464.2,679.6,1,1,0.0
653,1,398.0,415.4,322.0,351.55000000000007,1,1,1.0
653,2,0.0,630.2,491.5,649.8,1,1,0.0
654,1,401.5,424.9,317.84000000000003,345.33000000000004,1,1,1.0
654,2,0.0,647.6,494.0,632.4,1,1,0.0
655,1,405.0,434.4,313.67999999999995,339.12,1,1,1.0
655,2,0.0,665.0,496.5,615.0,1,1,0.0
656,1,408.5,443.9,309.52,332.9,1,1,1.0
656,2,0.0,665.0,511.4,615.0,1,1,0.0
657,1,410.5,448.23,308.02,330.77,1,1,1.0
657,2,0.0,682.4,511.4,597.6,1,1,0.0
658,1,412.5,452.55,306.51,328.65000000000003,1,1,1.0
658,2,0.0,692.35,517.6,587.65,1,1,0.0
659,1,414.5,456.88,305.01,326.52,1,1,1.0
659,2,0.0,702.3,523.8,577.7,1,1,0.0
660,1,416.5,461.2,303.5,324.40000000000003,1,1,1.0
660,2,3.73,702.3,520.0699999999999,577.7,1,1,0.0
661,1,418.25,465.53,301.75,318.64,1,1,1.0
661,2,7.47,702.3,516.3299999999999,577.7,1,1,0.0
662,1,420.01,469.86,299.99,312.88,1,1,1.0
662,2,11.2,702.3,512.5999999999999,577.7,1,1,0.0
663,1,421.76,474.19,298.24,307.11999999999995,1,1,1.0
663,2,14.93,702.3,508.86999999999995,577.7,1,1,0.0
664,1,423.51,478.52,296.49,301.36,1,1,1.0
664,2,18.67,702.3,505.12999999999994,577.7,1,1,0.0
665,1,417.12,481.43,301.28,300.46,1,1,1.0
665,2,22.4,702.3,501.4,577.7,1,1,0.0
666,1,410.74,484.34,306.04999999999995,299.57,1,1,1.0
666,2,22.4,706.85,501.4,573.15,1,1,0.0
667,1,404.35,487.25,310.84000000000003,298.66999999999996,1,1,1.0
667,2,22.4,711.4,501.4,568.6,1,1,0.0
668,1,397.96,490.16,315.63000000000005,297.78000000000003,1,1,1.0
668,2,22.4,715.95,501.4,564.05,1,1,0.0
669,1,395.72,498.35,309.81999999999994,296.88,1,1,1.0
669,2,22.4,720.5,501.4,559.5,1,1,0.0
670,1,393.49,506.53,304.01,295.98,1,1,1.0
670,2,22.4,725.05,501.4,554.95,1,1,0.0
671,1,393.37,512.92,305.36,295.08000000000004,1,1,1.0
671,2,22.4,729.6,501.4,550.4,1,1,0.0
672,1,393.25,519.31,306.72,294.18000000000006,1,1,1.0
672,2,11.2,745.75,512.5999999999999,534.25,1,1,0.0
673,1,393.13,525.7,308.07000000000005,293.28999999999996,1,1,1.0
673,2,0.0,761.9,523.8,518.1,1,1,0.0
674,1,393.98,534.03,309.89,292.39,1,1,1.0
674,2,0.0,776.8,523.8,503.20000000000005,1,1,0.0
675,1,394.84,542.37,311.69,291.49,1,1,1.0
675,2,0.0,791.7,523.8,488.29999999999995,1,1,0.0
676,1,395.7,550.7,313.50000000000006,290.5999999999999,1,1,1.0
676,2,0.0,803.3,523.8,476.70000000000005,1,1,0.0
677,1,387.44,555.58,321.04,300.42999999999995,1,1,1.0
677,2,0.0,814.9,523.8,465.1,1,1,0.0
678,1,379.19,560.46,328.57,310.26,1,1,1.0
678,2,0.0,826.5,523.8,453.5,1,1,0.0
679,1,370.93,565.34,336.11999999999995,320.0899999999999,1,1,1.0
679,2,0.0,831.45,525.05,448.54999999999995,1,1,0.0
680,1,362.67,570.22,343.66,329.91999999999996,1,1,1.0
680,2,0.0,836.4,526.3,443.6,1,1,0.0
681,1,354.59,573.34,345.63000000000005,329.3399999999999,1,1,1.0
681,2,0.0,860.0,511.4,420.0,1,1,0.0
682,1,346.5,576.46,347.62,328.76,1,1,1.0
682,2,0.0,883.6,496.5,396.4,1,1,0.0
683,1,338.42,579.58,349.59,328.17999999999995,1,1,1.0
683,2,0.0,891.05,492.75,388.95000000000005,1,1,0.0
684,1,330.34,582.7,351.56,327.5999999999999,1,1,1.0
684,2,0.0,898.5,489.0,381.5,1,1,0.0
685,1,328.5,582.7,353.53999999999996,327.0,1,1,1.0
685,2,0.0,891.05,481.55,388.95000000000005,1,1,0.0
686,1,313.3,578.4,368.87999999999994,327.80000000000007,1,1,1.0
686,2,0.0,883.6,474.1,396.4,1,1,0.0
687,1,298.1,574.1,384.22,328.6,1,1,1.0
687,2,0.0,878.65,464.15,401.35,1,1,0.0
688,1,282.1,566.96,400.35,311.24,1,1,1.0
688,2,0.0,873.7,454.2,406.29999999999995,1,1,0.0
689,1,258.97,559.72,426.41999999999996,310.55999999999995,1,1,1.0
689,2,0.0,871.2,451.7,408.79999999999995,1,1,0.0
690,1,256.7,555.2,428.84,309.88,1,1,1.0
690,2,0.0,863.7,434.3,416.29999999999995,1,1,0.0
691,1,239.1,553.4,446.6,314.80000000000007,1,1,1.0
691,2,0.0,846.3,429.3,433.70000000000005,1,1,0.0
692,1,231.96,549.27,454.52,315.83000000000004,1,1,1.0
692,2,0.0,833.9,429.3,446.1,1,1,0.0
693,1,224.82,545.15,462.45,316.85,1,1,1.0
693,2,0.0,833.9,414.4,446.1,1,1,0.0
694,1,217.67,541.02,470.38,317.87,1,1,1.0
694,2,0.0,821.5,409.4,458.5,1,1,0.0
695,1,210.53,536.9,478.31000000000006,318.89,1,1,1.0
695,2,0.0,819.0,411.9,461.0,1,1,0.0
696,1,203.39,532.77,486.23,319.9200000000001,1,1,1.0
696,2,0.0,816.4,388.1,463.6,1,1,0.0
697,1,196.25,528.64,494.15999999999997,320.95000000000005,1,1,1.0
697,2,0.0,813.1,379.1,466.9,1,1,0.0
698,1,189.11,524.52,502.08000000000004,321.96000000000004,1,1,1.0
698,2,0.0,807.49,373.49,466.9000000000001,1,1,0.0
699,1,186.28,524.32,504.86,321.4,1,1,1.0
699,2,0.0,807.49,373.49,453.4100000000001,1,1,0.0
700,1,183.45,524.12,507.63000000000005,320.84000000000003,1,1,1.0
700,2,0.0,801.9,365.6,450.0000000000001,1,1,0.0
701,1,180.62,523.92,510.40999999999997,320.2700000000001,1,1,1.0
701,2,0.0,798.55,361.65,453.35000000000014,1,1,0.0
702,1,177.79,523.72,513.1800000000001,319.7099999999999,1,1,1.0
702,2,0.0,795.2,357.7,456.70000000000005,1,1,0.0
703,1,174.96,523.52,515.9599999999999,319.14,1,1,1.0
703,2,0.0,795.2,349.8,436.5,1,1,0.0
704,1,172.14,523.33,518.72,318.56999999999994,1,1,1.0
704,2,0.0,793.0,341.9,425.20000000000005,1,1,0.0
705,1,169.78,522.52,521.5,319.21000000000004,1,1,1.0
705,2,0.0,791.9,341.9,426.30000000000007,1,1,0.0
706,1,167.42,521.71,524.2800000000001,319.86,1,1,1.0
706,2,0.0,789.7,330.7,410.5,1,1,0.0
707,1,165.06,520.9,527.05,320.5,1,1,1.0
707,2,0.0,789.7,326.2,410.5,1,1,0.0
708,1,162.71,520.09,529.8199999999999,321.14,1,1,1.0
708,2,0.0,783.0,326.2,417.20000000000005,1,1,0.0
709,1,160.35,519.28,532.6,321.7900000000001,1,1,1.0
709,2,0.0,783.0,316.1,399.20000000000005,1,1,0.0
710,1,157.99,518.47,535.37,322.42999999999995,1,1,1.0
710,2,0.0,780.75,311.6,401.45000000000005,1,1,0.0
711,1,155.4,515.6,538.15,325.36,1,1,1.0
711,2,0.0,778.5,307.1,403.70000000000005,1,1,0.0
712,1,152.81,512.72,540.9200000000001,328.30999999999995,1,1,1.0
712,2,0.0,778.5,301.5,403.70000000000005,1,1,0.0
713,1,150.22,509.84,543.6999999999999,331.25000000000006,1,1,1.0
713,2,0.0,778.5,295.9,403.70000000000005,1,1,0.0
714,1,147.63,506.97,546.47,334.17999999999995,1,1,1.0
714,2,0.0,778.5,290.3,403.70000000000005,1,1,0.0
715,1,145.05,504.09,549.24,337.12000000000006,1,1,1.0
715,2,0.0,775.1,283.6,407.1,1,1,0.0
716,1,142.46,501.21,552.01,340.07,1,1,1.0
716,2,0.0,775.1,279.1,407.1,1,1,0.0
717,1,139.87,498.33,554.79,343.01000000000005,1,1,1.0
717,2,0.0,775.1,270.1,407.1,1,1,0.0
718,1,137.28,495.46,557.57,345.94,1,1,1.0
718,2,0.0,772.9,262.2,409.30000000000007,1,1,0.0
719,1,134.69,498.31,560.3399999999999,340.64000000000004,1,1,1.0
719,2,0.0,772.9,260.0,413.80000000000007,1,1,0.0
720,1,132.1,501.15,563.12,335.35,1,1,1.0
720,2,0.0,772.9,246.5,413.80000000000007,1,1,0.0
721,1,118.33,504.0,577.0699999999999,330.79999999999995,1,1,1.0
721,2,0.0,772.9,247.6,416.0000000000001,1,1,0.0
722,1,115.68,499.83,574.3,337.37000000000006,1,1,1.0
722,2,0.0,772.9,230.8,416.0000000000001,1,1,0.0
723,1,113.03,495.66,571.53,343.94,1,1,1.0
723,2,0.0,772.9,221.8,429.4,1,1,0.0
724,1,110.37,498.43,574.31,340.05,1,1,1.0
724,2,0.0,772.9,206.1,433.9,1,1,0.0
725,1,107.72,501.2,577.0799999999999,336.17,1,1,1.0
725,2,0.0,776.3,203.9,437.20000000000005,1,1,0.0
726,1,105.07,498.64,578.4300000000001,341.09000000000003,1,1,1.0
726,2,0.0,776.3,193.8,445.10000000000014,1,1,0.0
727,1,102.42,496.09,579.7800000000001,346.01000000000005,1,1,1.0
727,2,0.0,776.3,178.1,445.10000000000014,1,1,0.0
728,1,99.76,493.53,581.14,350.94000000000005,1,1,1.0
728,2,0.0,776.3,164.6,445.10000000000014,1,1,0.0
729,1,97.11,490.98,582.49,355.85,1,1,1.0
729,2,0.0,791.6,161.5,429.80000000000007,1,1,0.0
730,1,94.46,493.63,583.8399999999999,355.57000000000005,1,1,1.0
730,2,0.0,791.6,160.0,429.80000000000007,1,1,0.0
731,1,91.81,496.28,585.19,355.2900000000001,1,1,1.0
731,2,0.0,797.7,143.2,425.20000000000005,1,1,0.0
732,1,89.16,498.94,584.02,354.98999999999995,1,1,1.0
732,2,0.0,803.85,130.95,422.1,1,1,0.0
733,1,86.5,501.59,582.85,354.71,1,1,1.0
733,2,0.0,810.0,118.7,419.0,1,1,0.0
734,1,83.85,504.25,581.68,354.41999999999996,1,1,1.0
734,2,0.0,810.0,104.9,419.0,1,1,0.0
735,1,81.2,506.9,580.5,354.13,1,1,1.0
735,2,0.0,828.4,92.7,400.6,1,1,0.0
736,1,82.7,509.6,586.0,353.79999999999995,1,1,1.0
736,2,0.0,845.2,66.7,290.39999999999986,1,1,0.0
737,1,81.42,515.03,587.32,356.27,1,1,1.0
737,2,0.0,885.0,51.4,250.5999999999999,1,1,0.0
738,1,78.8,517.7,589.97,360.19999999999993,1,1,1.0
739,1,79.0,527.3,589.8,362.80000000000007,1,1,1.0
740,1,79.0,534.1,589.8,365.0,1,1,1.0
741,1,90.3,543.1,583.0,366.1,1,1,1.0
742,1,92.55,552.11,587.5500000000001,366.09000000000003,1,1,1.0
743,1,106.1,566.8,581.9,359.30000000000007,1,1,1.0
744,1,106.1,573.6,583.0,369.4,1,1,1.0
745,1,101.6,587.1,587.5,367.19999999999993,1,1,1.0
746,1,101.6,596.1,587.5,363.79999999999995,1,1,1.0
747,1,101.6,607.8,591.4,359.9000000000001,1,1,1.0
748,1,101.6,620.4,591.4,353.1,1,1,1.0
749,1,101.6,633.0,591.4,340.5,1,1,1.0
750,1,94.8,633.0,597.2,332.70000000000005,1,1,1.0
751,1,96.7,624.3,595.3,331.70000000000005,1,1,1.0
752,1,95.73,611.66,595.3,333.64,1,1,1.0
753,1,95.73,608.7,595.3,328.79999999999995,1,1,1.0
754,1,88.0,598.0,603.03,323.0,1,1,1.0
755,1,88.0,594.1,600.1,326.9,1,1,1.0
756,1,88.0,591.2,598.15,327.3499999999999,1,1,1.0
757,1,88.0,588.3,596.2,327.80000000000007,1,1,1.0
758,1,88.0,586.85,594.75,326.79999999999995,1,1,1.0
759,1,88.0,585.4,593.3,325.80000000000007,1,1,1.0
760,1,88.0,583.45,593.3,327.75,1,1,1.0
761,1,88.0,581.5,593.3,329.70000000000005,1,1,1.0
762,1,88.0,579.55,593.3,331.6500000000001,1,1,1.0
763,1,88.0,577.6,593.3,333.6,1,1,1.0
764,1,80.2,577.6,595.3,333.6,1,1,1.0
765,1,80.2,575.15,595.3,336.05000000000007,1,1,1.0
766,1,80.2,572.7,595.3,338.5,1,1,1.0
767,1,80.2,570.53,595.3,340.6700000000001,1,1,1.0
768,1,80.2,568.35,595.3,342.85,1,1,1.0
769,1,80.2,566.18,595.3,345.0200000000001,1,1,1.0
770,1,80.2,564.0,595.3,347.20000000000005,1,1,1.0
771,1,80.6,564.0,594.9,344.0,1,1,1.0
772,1,81.0,564.0,594.5,340.79999999999995,1,1,1.0
773,1,81.0,559.2,594.5,345.5999999999999,1,1,1.0
774,1,81.0,557.6,594.5,334.29999999999995,1,1,1.0
775,1,81.0,555.73,594.5,336.16999999999996,1,1,1.0
776,1,81.0,553.87,594.5,338.03,1,1,1.0
777,1,81.0,552.0,594.5,339.9,1,1,1.0
778,1,81.0,551.2,594.5,340.69999999999993,1,1,1.0
779,1,81.0,548.8,594.5,343.1,1,1,1.0
780,1,82.33,546.93,593.17,340.6700000000001,1,1,1.0
781,1,83.67,545.07,591.83,338.2299999999999,1,1,1.0
782,1,85.0,543.2,590.5,335.79999999999995,1,1,1.0
783,1,85.0,540.8,590.5,338.20000000000005,1,1,1.0
784,1,85.0,538.4,590.5,340.6,1,1,1.0
785,1,85.0,535.2,590.5,343.79999999999995,1,1,1.0
786,1,85.0,535.2,593.7,343.79999999999995,1,1,1.0
787,1,85.0,533.2,593.7,345.79999999999995,1,1,1.0
788,1,85.0,531.2,593.7,347.79999999999995,1,1,1.0
789,1,85.0,529.07,593.7,349.92999999999995,1,1,1.0
790,1,85.0,526.93,593.7,352.07000000000005,1,1,1.0
791,1,85.0,524.8,593.7,354.20000000000005,1,1,1.0
792,1,85.0,523.84,593.7,355.15999999999997,1,1,1.0
793,1,85.0,522.88,593.7,356.12,1,1,1.0
794,1,85.0,521.92,593.7,357.08000000000004,1,1,1.0
795,1,85.0,520.96,593.7,358.03999999999996,1,1,1.0
796,1,85.0,520.0,593.7,359.0,1,1,1.0
797,1,85.0,518.2,594.5,360.79999999999995,1,1,1.0
798,1,85.0,516.4,595.3,362.6,1,1,1.0
799,1,85.0,514.6,596.1,364.4,1,1,1.0
800,1,85.0,512.8,596.9,366.20000000000005,1,1,1.0
801,1,85.0,512.8,598.5,363.0,1,1,1.0
802,1,85.0,512.8,600.1,359.80000000000007,1,1,1.0
803,1,85.0,512.8,601.7,356.6,1,1,1.0
804,1,85.0,512.27,603.03,355.80000000000007,1,1,1.0
805,1,85.0,511.73,604.37,355.0,1,1,1.0
806,1,85.0,511.2,605.7,354.2,1,1,1.0
807,1,85.0,510.83,605.7,355.00000000000006,1,1,1.0
808,1,85.0,510.46,605.7,355.8,1,1,1.0
809,1,85.0,510.09,605.7,356.6000000000001,1,1,1.0
810,1,85.0,509.72,605.7,357.4,1,1,1.0
811,1,85.0,509.35,605.7,358.19999999999993,1,1,1.0
812,1,85.0,508.98,605.7,359.0,1,1,1.0
813,1,85.0,508.62,605.7,359.79999999999995,1,1,1.0
814,1,85.0,508.25,605.7,360.6,1,1,1.0
815,1,85.0,507.88,605.7,361.4,1,1,1.0
816,1,85.0,507.51,605.7,362.20000000000005,1,1,1.0
817,1,85.0,507.14,605.7,363.0,1,1,1.0
818,1,85.0,506.77,605.7,363.80000000000007,1,1,1.0
819,1,85.0,506.4,605.7,364.6,1,1,1.0
820,1,85.0,506.4,605.97,364.6,1,1,1.0
821,1,85.0,506.4,606.23,364.6,1,1,1.0
822,1,85.0,506.4,606.5,364.6,1,1,1.0
823,1,84.73,506.4,606.5,365.13,1,1,1.0
824,1,84.47,506.4,606.5,365.6700000000001,1,1,1.0
825,1,84.2,506.4,606.5,366.20000000000005,1,1,1.0
826,1,83.93,506.4,606.5,366.73,1,1,1.0
827,1,83.67,506.4,606.5,367.27,1,1,1.0
828,1,83.4,506.4,606.5,367.80000000000007,1,1,1.0
829,1,82.2,505.9,607.1999999999999,369.20000000000005,1,1,1.0
830,1,81.0,505.4,607.9,370.6,1,1,1.0
831,1,79.8,504.9,608.6,372.0,1,1,1.0
832,1,78.6,504.4,609.3,373.4,1,1,1.0
833,1,77.4,503.9,610.0,374.80000000000007,1,1,1.0
834,1,76.2,503.4,610.6999999999999,376.20000000000005,1,1,1.0
835,1,75.0,502.9,611.4,377.6,1,1,1.0
836,1,73.8,502.4,612.1,379.0,1,1,1.0
837,1,70.57,502.4,615.3299999999999,379.0,1,1,1.0
838,1,67.33,502.4,618.5699999999999,379.0,1,1,1.0
839,1,64.1,502.4,621.8,379.0,1,1,1.0
840,1,61.52,502.08,621.16,380.12000000000006,1,1,1.0
841,1,58.94,501.76,620.52,381.24,1,1,1.0
842,1,56.36,501.44,619.88,382.35999999999996,1,1,1.0
843,1,53.78,501.12,619.24,383.48,1,1,1.0
844,1,51.2,500.8,618.5999999999999,384.59999999999997,1,1,1.0
845,1,51.2,500.8,618.0699999999999,384.59999999999997,1,1,1.0
846,1,51.2,500.8,617.53,384.59999999999997,1,1,1.0
847,1,51.2,500.8,617.0,384.59999999999997,1,1,1.0
848,1,44.35,496.4,621.4499999999999,389.0,1,1,1.0
849,1,37.5,492.0,625.9,393.4,1,1,1.0
850,1,37.5,488.8,625.9,396.59999999999997,1,1,1.0
851,1,37.5,485.6,625.9,399.79999999999995,1,1,1.0
852,1,34.7,482.4,622.25,403.0,1,1,1.0
853,1,31.9,479.2,618.6,406.2,1,1,1.0
854,1,26.3,479.2,624.2,406.2,1,1,1.0
855,1,23.5,475.6,624.6,407.4,1,1,1.0
856,1,20.7,472.0,625.0,408.6,1,1,1.0
857,1,14.3,472.0,631.4000000000001,408.6,1,1,1.0
858,1,14.3,464.2,631.4000000000001,411.50000000000006,1,1,1.0
859,1,14.3,461.25,631.4000000000001,414.45000000000005,1,1,1.0
860,1,14.3,458.3,631.4000000000001,417.40000000000003,1,1,1.0
861,1,21.12,456.54,625.9399999999999,416.82,1,1,1.0
862,1,27.94,454.78,620.4799999999999,416.24,1,1,1.0
863,1,34.76,453.02,615.02,415.65999999999997,1,1,1.0
864,1,41.58,451.26,609.56,415.08000000000004,1,1,1.0
865,1,48.4,449.5,604.1,414.5,1,1,1.0
866,1,52.3,449.5,608.0,414.5,1,1,1.0
867,1,66.0,449.5,606.0,414.5,1,1,1.0
868,1,70.4,449.5,607.95,414.5,1,1,1.0
869,1,74.8,449.5,609.9000000000001,414.5,1,1,1.0
870,1,85.05,446.1,605.0,405.19999999999993,1,1,1.0
871,1,95.3,442.7,600.1,395.90000000000003,1,1,1.0
872,1,107.0,436.8,590.4,401.8,1,1,1.0
873,1,115.8,432.9,583.6,405.70000000000005,1,1,1.0
874,1,125.6,426.1,579.6999999999999,382.29999999999995,1,1,1.0
875,1,125.6,420.2,579.6999999999999,388.2,1,1,1.0
876,1,135.03,419.87,570.6,386.55999999999995,1,1,1.0
877,1,144.47,419.53,561.5,384.94000000000005,1,1,1.0
878,1,153.9,419.2,552.4,383.3,1,1,1.0
879,1,157.8,419.2,548.5,383.3,1,1,1.0
880,1,161.7,419.2,544.5999999999999,383.3,1,1,1.0
881,1,165.6,419.2,540.6999999999999,383.3,1,1,1.0
882,1,169.5,419.2,536.8,383.3,1,1,1.0
883,1,173.4,419.2,532.9,383.3,1,1,1.0
884,1,178.28,424.8,528.02,377.7,1,1,1.0
885,1,183.15,430.4,523.15,372.1,1,1,1.0
885,2,0.0,452.55,28.4,71.55000000000001,1,1,0.0
886,1,188.03,436.0,518.27,366.5,1,1,1.0
886,2,0.0,448.99,37.5,123.5,1,1,0.0
887,1,192.9,441.6,513.4,360.9,1,1,1.0
887,2,0.0,445.43,46.7,123.49999999999994,1,1,0.0
888,1,197.05,441.6,509.24999999999994,360.9,1,1,1.0
888,2,0.0,441.87,65.0,123.5,1,1,0.0
889,1,201.2,441.6,505.09999999999997,360.9,1,1,1.0
889,2,0.0,439.14,69.67,123.5,1,1,0.0
890,1,205.35,441.6,500.94999999999993,360.9,1,1,1.0
890,2,0.0,436.4,74.35,123.5,1,1,0.0
891,1,209.5,441.6,496.79999999999995,360.9,1,1,1.0
891,2,0.0,433.67,79.02,123.49999999999994,1,1,0.0
892,1,214.35,445.15,477.69999999999993,346.35,1,1,1.0
892,2,0.0,430.93,83.69,123.49999999999994,1,1,0.0
893,1,219.2,448.7,458.59999999999997,331.8,1,1,1.0
893,2,0.0,428.2,88.36,123.50000000000006,1,1,0.0
894,1,219.2,448.7,458.59999999999997,333.7,1,1,1.0
894,2,0.0,428.2,91.22,123.50000000000006,1,1,0.0
895,1,219.2,448.7,458.59999999999997,335.59999999999997,1,1,1.0
895,2,0.0,428.2,94.08,123.50000000000006,1,1,0.0
896,1,219.2,448.7,458.59999999999997,337.50000000000006,1,1,1.0
896,2,0.0,428.2,96.94,123.50000000000006,1,1,0.0
897,1,219.2,448.7,458.59999999999997,339.40000000000003,1,1,1.0
897,2,0.0,428.2,99.8,123.50000000000006,1,1,0.0
898,1,219.2,448.7,458.59999999999997,341.3,1,1,1.0
898,2,0.0,432.38,103.75,123.72000000000003,1,1,0.0
899,1,219.2,448.7,458.59999999999997,343.2,1,1,1.0
899,2,0.0,436.55,107.7,123.94999999999999,1,1,0.0
900,1,230.33,458.07,447.4699999999999,342.93,1,1,1.0
900,2,0.0,440.73,111.65,124.16999999999996,1,1,0.0
901,1,241.47,467.43,436.3299999999999,342.67,1,1,1.0
901,2,0.0,444.9,115.6,124.39999999999998,1,1,0.0
902,1,252.6,476.8,425.19999999999993,342.40000000000003,1,1,1.0
902,2,0.0,447.36,117.88,129.15999999999997,1,1,0.0
903,1,252.6,476.8,425.19999999999993,347.34999999999997,1,1,1.0
903,2,0.0,449.82,120.16,133.92000000000002,1,1,0.0
904,1,252.6,476.8,425.19999999999993,352.3,1,1,1.0
904,2,0.0,452.28,122.44,138.68000000000006,1,1,0.0
905,1,252.6,476.8,425.19999999999993,357.24999999999994,1,1,1.0
905,2,0.0,454.74,124.72,143.43999999999994,1,1,0.0
906,1,252.6,476.8,425.19999999999993,362.2,1,1,1.0
906,2,0.0,457.2,127.0,148.2,1,1,0.0
907,1,252.6,476.8,425.19999999999993,367.15000000000003,1,1,1.0
907,2,0.0,460.87,127.0,149.65999999999997,1,1,0.0
908,1,252.6,476.8,425.19999999999993,372.09999999999997,1,1,1.0
908,2,0.0,464.53,127.0,151.14,1,1,0.0
909,1,252.6,476.8,425.19999999999993,377.05,1,1,1.0
909,2,0.0,468.2,127.0,152.59999999999997,1,1,0.0
910,1,252.6,476.8,425.19999999999993,381.99999999999994,1,1,1.0
910,2,0.0,471.87,127.0,154.05999999999995,1,1,0.0
911,1,252.6,493.05,415.54999999999995,365.74999999999994,1,1,1.0
911,2,0.0,475.53,127.0,155.54000000000008,1,1,0.0
912,1,252.6,509.3,405.9,349.49999999999994,1,1,1.0
912,2,0.0,479.2,127.0,157.00000000000006,1,1,0.0
913,1,252.6,509.3,405.9,356.09999999999997,1,1,1.0
913,2,0.0,485.8,127.0,156.55,1,1,0.0
914,1,252.6,509.3,405.9,362.7,1,1,1.0
914,2,0.0,492.4,127.0,156.10000000000002,1,1,0.0
915,1,248.45,512.57,406.54,361.43999999999994,1,1,1.0
915,2,0.0,499.0,127.0,155.64999999999998,1,1,0.0
916,1,244.31,515.84,407.16,360.17999999999995,1,1,1.0
916,2,0.0,505.6,127.0,155.19999999999993,1,1,0.0
917,1,240.16,519.11,407.80000000000007,358.91999999999996,1,1,1.0
917,2,0.0,510.35,123.83,155.19999999999993,1,1,0.0
918,1,236.02,522.39,408.4200000000001,357.65,1,1,1.0
918,2,0.0,515.1,120.67,155.19999999999993,1,1,0.0
919,1,231.87,525.66,409.05999999999995,356.39,1,1,1.0
919,2,0.0,519.85,117.5,155.19999999999993,1,1,0.0
920,1,227.72,528.93,409.68999999999994,355.13,1,1,1.0
920,2,0.0,524.6,114.34,155.19999999999993,1,1,0.0
921,1,223.58,532.2,410.31999999999994,353.87,1,1,1.0
921,2,0.0,529.34,111.17,155.20999999999992,1,1,0.0
922,1,223.58,531.5,410.31999999999994,354.57000000000005,1,1,1.0
922,2,0.0,531.72,111.17,155.19999999999993,1,1,0.0
923,1,223.58,530.8,410.31999999999994,355.2700000000001,1,1,1.0
923,2,0.0,534.09,111.17,155.19999999999993,1,1,0.0
924,1,223.58,530.1,410.31999999999994,355.97,1,1,1.0
924,2,0.0,536.47,111.17,155.19999999999993,1,1,0.0
925,1,223.58,529.4,410.31999999999994,356.6700000000001,1,1,1.0
925,2,0.0,538.84,111.17,155.19999999999993,1,1,0.0
926,1,223.58,528.7,410.31999999999994,357.37,1,1,1.0
926,2,0.0,541.22,111.17,155.19999999999993,1,1,0.0
927,1,223.58,520.8,410.31999999999994,365.2700000000001,1,1,1.0
927,2,0.0,543.59,111.17,155.19999999999993,1,1,0.0
928,1,213.0,510.2,420.9,375.87000000000006,1,1,1.0
928,2,0.0,545.97,111.17,155.19999999999993,1,1,0.0
929,1,213.0,510.2,420.9,353.90000000000003,1,1,1.0
929,2,0.0,548.34,111.17,155.19999999999993,1,1,0.0
930,1,213.0,502.7,412.1,361.40000000000003,1,1,1.0
930,2,0.0,550.72,111.17,155.19999999999993,1,1,0.0
931,1,213.0,495.2,403.29999999999995,368.90000000000003,1,1,1.0
931,2,0.0,553.09,111.17,155.19999999999993,1,1,0.0
932,1,210.36,489.04,403.29999999999995,368.90000000000003,1,1,1.0
932,2,0.0,553.09,111.75,155.19999999999993,1,1,0.0
933,1,207.72,482.89,403.29999999999995,368.9,1,1,1.0
933,2,0.0,553.09,112.34,155.19999999999993,1,1,0.0
934,1,208.16,476.29,403.30000000000007,368.90000000000003,1,1,1.0
934,2,0.0,553.09,112.92,155.19999999999993,1,1,0.0
935,1,208.6,469.7,403.29999999999995,368.90000000000003,1,1,1.0
935,2,0.0,553.09,113.5,155.19999999999993,1,1,0.0
936,1,211.24,468.4,398.01,360.1,1,1,1.0
936,2,0.0,553.09,114.08,155.19999999999993,1,1,0.0
937,1,213.88,467.1,392.72,351.29999999999995,1,1,1.0
937,2,0.0,553.09,114.67,155.19999999999993,1,1,0.0
938,1,215.64,461.82,392.72,342.47999999999996,1,1,1.0
938,2,0.0,553.09,115.25,155.19999999999993,1,1,0.0
939,1,215.64,454.79,392.72,342.46999999999997,1,1,1.0
939,2,0.0,553.09,115.83,155.19999999999993,1,1,0.0
940,1,215.64,452.9,390.76,344.36,1,1,1.0
940,2,0.0,553.09,116.42,155.19999999999993,1,1,0.0
941,1,215.64,445.17,390.76,344.35999999999996,1,1,1.0
941,2,0.0,553.09,117.0,155.19999999999993,1,1,0.0
942,1,223.4,445.17,383.0,344.35999999999996,1,1,1.0
942,2,0.0,553.09,121.85,155.19999999999993,1,1,0.0
943,1,223.4,437.4,383.0,352.13,1,1,1.0
943,2,0.0,553.09,126.7,155.19999999999993,1,1,0.0
944,1,227.3,432.6,379.09999999999997,356.92999999999995,1,1,1.0
944,2,0.0,550.84,133.83,175.41999999999996,1,1,0.0
945,1,232.1,429.7,374.29999999999995,341.50000000000006,1,1,1.0
945,2,0.0,548.59,140.97,195.64,1,1,0.0
946,1,242.2,422.9,364.2,348.30000000000007,1,1,1.0
946,2,0.0,546.35,148.1,215.85000000000002,1,1,0.0
947,1,242.2,415.0,364.2,340.4,1,1,1.0
947,2,0.0,544.1,155.23,236.05999999999995,1,1,0.0
948,1,250.1,412.7,356.29999999999995,331.40000000000003,1,1,1.0
948,2,0.0,541.85,162.37,256.28,1,1,0.0
949,1,254.6,404.8,357.4,326.90000000000003,1,1,1.0
949,2,0.0,539.6,169.5,276.5,1,1,0.0
950,1,263.3,404.8,348.7,326.90000000000003,1,1,1.0
950,2,0.0,539.6,176.05,276.5,1,1,0.0
951,1,272.0,401.9,340.0,329.80000000000007,1,1,1.0
951,2,0.0,539.6,182.6,276.5,1,1,0.0
952,1,272.0,397.5,343.6,334.20000000000005,1,1,1.0
952,2,0.0,539.6,191.33,297.28,1,1,0.0
953,1,286.6,393.9,329.0,337.80000000000007,1,1,1.0
953,2,0.0,539.6,200.05,318.04999999999995,1,1,0.0
954,1,293.9,392.4,328.20000000000005,339.30000000000007,1,1,1.0
954,2,0.0,539.6,208.78,338.8299999999999,1,1,0.0
955,1,301.2,389.5,327.50000000000006,302.79999999999995,1,1,1.0
955,2,0.0,539.6,217.5,359.6,1,1,0.0
956,1,315.05,386.3,327.49999999999994,302.8,1,1,1.0
956,2,0.0,539.6,229.2,359.6,1,1,0.0
957,1,315.05,381.0,333.84999999999997,308.1,1,1,1.0
957,2,0.0,539.6,246.2,359.6,1,1,0.0
958,1,325.17,381.0,333.84999999999997,308.1,1,1,1.0
958,2,0.0,541.75,252.59,404.6,1,1,0.0
959,1,335.29,381.0,333.84999999999997,308.1,1,1,1.0
959,2,0.0,543.9,258.98,449.6,1,1,0.0
960,1,344.78,381.41,333.85,308.09999999999997,1,1,1.0
960,2,1.26,548.92,271.54,449.6,1,1,0.0
961,1,354.27,381.83,333.85,308.09999999999997,1,1,1.0
961,2,2.51,553.94,284.1,449.5999999999999,1,1,0.0
962,1,371.3,384.9,327.67,310.45000000000005,1,1,1.0
962,2,2.51,553.94,294.99,449.5999999999999,1,1,0.0
963,1,379.8,384.25,327.66,310.45000000000005,1,1,1.0
963,2,2.51,560.22,310.69,597.1800000000001,1,1,0.0
964,1,388.3,383.59,327.66,310.45,1,1,1.0
964,2,2.51,566.5,326.39,617.4000000000001,1,1,0.0
965,1,395.8,383.59,320.16,310.45,1,1,1.0
965,2,2.51,572.8,337.69,616.0,1,1,0.0
966,1,395.8,383.59,322.18,310.45,1,1,1.0
966,2,2.51,572.8,354.04,637.5,1,1,0.0
967,1,395.8,383.59,324.2,310.45,1,1,1.0
967,2,2.51,576.1,370.39,640.8000000000001,1,1,0.0
968,1,402.25,383.59,317.75,310.45,1,1,1.0
968,2,2.51,574.45,375.69,682.95,1,1,0.0
969,1,408.7,383.59,311.3,310.45,1,1,1.0
969,2,0.0,591.0,390.18,688.75,1,1,0.0
970,1,409.15,383.59,310.85,306.18,1,1,1.0
970,2,2.51,572.8,414.39,703.0,1,1,0.0
971,1,409.6,383.59,310.4,301.90000000000003,1,1,1.0
971,2,2.51,593.4,423.19,671.1,1,1,0.0
972,1,410.05,383.59,309.95,297.63000000000005,1,1,1.0
972,2,2.51,572.8,443.29,705.0,1,1,0.0
973,1,410.5,383.59,309.5,293.36000000000007,1,1,1.0
973,2,1.26,583.8,452.95,695.1000000000001,1,1,0.0
974,1,410.95,383.59,309.05,289.08,1,1,1.0
974,2,0.0,594.8,462.61,685.2,1,1,0.0
975,1,411.4,383.59,308.6,284.81,1,1,1.0
975,2,0.0,594.8,473.7,685.2,1,1,0.0
976,1,407.65,383.59,312.35,284.81,1,1,1.0
976,2,0.0,594.8,490.4,685.2,1,1,0.0
977,1,403.9,383.59,316.1,284.81,1,1,1.0
977,2,0.0,594.8,501.6,685.2,1,1,0.0
978,1,403.9,381.7,316.1,286.7,1,1,1.0
978,2,0.0,598.5,518.5,681.5,1,1,0.0
979,1,395.1,376.7,324.9,274.09999999999997,1,1,1.0
979,2,0.0,585.9,518.5,694.1,1,1,0.0
980,1,392.7,374.3,327.3,260.49999999999994,1,1,1.0
980,2,0.0,584.4,559.78,695.6,1,1,0.0
981,1,384.52,373.13,335.48,260.5,1,1,1.0
981,2,0.0,584.4,594.8,695.6,1,1,0.0
982,1,365.85,367.29,336.04999999999995,260.50999999999993,1,1,1.0
982,2,0.0,577.4,653.17,702.6,1,1,0.0
983,1,353.0,359.12,335.1,260.5,1,1,1.0
983,2,20.4,577.4,699.6,702.6,1,1,0.0
984,1,332.29,343.5,325.60999999999996,258.0,1,1,1.0
984,2,78.2,561.75,641.8,709.3,1,1,0.0
985,1,310.71,327.1,313.49000000000007,237.29999999999995,1,1,1.0
985,2,136.0,546.1,584.0,715.9999999999999,1,1,0.0
986,1,286.15,300.96,292.85,231.74000000000007,1,1,1.0
986,2,165.8,516.0,554.2,707.5,1,1,0.0
987,1,286.15,300.96,292.85,231.74000000000007,1,1,1.0
987,2,165.8,516.0,554.2,707.5,1,1,0.0
988,1,286.15,300.96,292.85,231.74000000000007,1,1,1.0
988,2,165.8,516.0,554.2,707.5,1,1,0.0
989,1,286.15,300.96,292.85,231.74000000000007,1,1,1.0
989,2,165.8,516.0,554.2,707.5,1,1,0.0
990,1,286.15,300.96,292.85,231.74000000000007,1,1,1.0
990,2,165.8,516.0,554.2,707.5,1,1,0.0
991,1,286.15,300.96,292.85,231.74000000000007,1,1,1.0
991,2,165.8,516.0,554.2,707.5,1,1,0.0
992,1,286.15,300.96,292.85,231.74000000000007,1,1,1.0
992,2,165.8,516.0,554.2,707.5,1,1,0.0
993,1,286.15,300.96,292.85,231.74000000000007,1,1,1.0
993,2,165.8,516.0,554.2,707.5,1,1,0.0
994,1,286.15,300.96,292.85,231.74000000000007,1,1,1.0
994,2,165.8,516.0,554.2,707.5,1,1,0.0
995,1,286.15,300.96,292.85,231.74000000000007,1,1,1.0
995,2,165.8,516.0,554.2,707.5,1,1,0.0
996,1,286.15,300.96,292.85,231.74000000000007,1,1,1.0
996,2,165.8,516.0,554.2,707.5,1,1,0.0
